0.12357774862769203839 0.00000000099999999996 0.87642224837230786605 0.00000000099999999996 0.00000000099999999996 
0.11391654146562434080 0.00000000099999999996 0.88608345553437573017 0.00000000099999999996 0.00000000099999999996 
0.12268986284365472617 0.00000000099999999996 0.87731013415634517827 0.00000000099999999996 0.00000000099999999996 
0.14967168053691892737 0.00000000099999999999 0.85032831646308115747 0.00000000099999999999 0.00000000099999999999 
0.12507743868520190822 0.00000000099999999994 0.87492255831479814887 0.00000000099999999994 0.00000000099999999994 
0.15829336900189061588 0.00000000099999999999 0.84170662799810935795 0.00000000099999999999 0.00000000099999999999 
0.18660295299354512366 0.00000000099999999999 0.81339704400645473914 0.00000000099999999999 0.00000000099999999999 
0.99999999600000011313 0.00000000099999999986 0.00000000099999999986 0.00000000099999999986 0.00000000099999999986 
0.99999999600000000211 0.00000000099999999989 0.00000000099999999989 0.00000000099999999989 0.00000000099999999989 
0.99999999600000000211 0.00000000099999999989 0.00000000099999999989 0.00000000099999999989 0.00000000099999999989 
0.99999999600000011313 0.00000000099999999988 0.00000000099999999988 0.00000000099999999988 0.00000000099999999988 
0.99999999600000000211 0.00000000099999999988 0.00000000099999999988 0.00000000099999999988 0.00000000099999999988 
0.99999999600000011313 0.00000000099999999989 0.00000000099999999989 0.00000000099999999989 0.00000000099999999989 
0.99999999600000011313 0.00000000099999999990 0.00000000099999999990 0.00000000099999999990 0.00000000099999999990 
0.99999999600000000211 0.00000000099999999988 0.00000000099999999988 0.00000000099999999988 0.00000000099999999988 
0.99999999600000000211 0.00000000099999999986 0.00000000099999999986 0.00000000099999999986 0.00000000099999999986 
0.99999999600000000211 0.00000000099999999990 0.00000000099999999990 0.00000000099999999990 0.00000000099999999990 
0.99999999600000011313 0.00000000099999999989 0.00000000099999999989 0.00000000099999999989 0.00000000099999999989 
0.99999999600000000211 0.00000000099999999989 0.00000000099999999989 0.00000000099999999989 0.00000000099999999989 
0.99999999600000000211 0.00000000099999999987 0.00000000099999999987 0.00000000099999999987 0.00000000099999999987 
0.99999999600000011313 0.00000000099999999989 0.00000000099999999989 0.00000000099999999989 0.00000000099999999989 
0.99999999600000000211 0.00000000099999999988 0.00000000099999999988 0.00000000099999999988 0.00000000099999999988 
0.99999999600000000211 0.00000000099999999989 0.00000000099999999989 0.00000000099999999989 0.00000000099999999989 
0.99999999600000000211 0.00000000099999999988 0.00000000099999999988 0.00000000099999999988 0.00000000099999999988 
0.99999999600000011313 0.00000000099999999986 0.00000000099999999986 0.00000000099999999986 0.00000000099999999986 
0.99999999600000011313 0.00000000099999999988 0.00000000099999999988 0.00000000099999999988 0.00000000099999999988 
0.99999999600000011313 0.00000000099999999994 0.00000000099999999994 0.00000000099999999994 0.00000000099999999994 
0.24121901548391402881 0.00742914750651319650 0.63758115670049309021 0.02925982164064256166 0.08451085866843709160 
0.25265233138434023408 0.00168181260500186651 0.64225581166986356330 0.00845941649601017302 0.09495062784478405793 
0.23287732261686674984 0.00754779801916420287 0.64540947880543275694 0.02371144289598297109 0.09045395766255329151 
0.24319326207292696340 0.00111053885086642560 0.66361932454203143017 0.02324396260255682731 0.06883291193161843180 
0.26094939077404066818 0.00006516722168436160 0.64211360803571149169 0.00524667912489671685 0.09162515484366684504 
0.25454249125245181906 0.00765263188960532952 0.65696186880877704972 0.00001794264994337798 0.08082506539922239275 
0.26830298814958691844 0.00690070072446795097 0.61201894353591657083 0.02022716833119712551 0.09255019925883137266 
0.26963556517167824866 0.00261895340591629952 0.62358914864547987378 0.00701323875216032337 0.09714309402476535571 
0.25592867106566830060 0.00004066236484659607 0.63816305032391718033 0.01533245692156107523 0.09053515932400699184 
0.26216579627976849265 0.00042985686201754377 0.64525375311109456344 0.01750776297448605398 0.07464283077263350608 
0.27700239920245045555 0.00225295545804822094 0.61150012783003626637 0.01525305963032688034 0.09399145787913827654 
0.25407114636805472330 0.00226575339016933447 0.61754418295871138511 0.01347649375967608504 0.11264242352338840747 
0.23823422574567373888 0.00048626208826155193 0.66032732960731588268 0.01559232835343917628 0.08535985420530958767 
0.26763004692448155719 0.00000000100000000000 0.59881124371983140975 0.02904670198728881089 0.10451200636839817759 
0.24771511064893647625 0.00467154534957783113 0.61074278473143206458 0.01182401246468471959 0.12504654680536900213 
0.24311811644846575975 0.00310647605759562916 0.63976598422652941611 0.02008551481193667637 0.09392390845547257672 
0.24553752515678001211 0.00000000414309152540 0.64766420311632633133 0.02195120786564537518 0.08484705971815681425 
0.26963458543178986382 0.00574643807659398504 0.60653073399640355934 0.02594651448851253289 0.09214172800670016039 
0.23335502900744323207 0.00905800225171983150 0.62799756811714668725 0.03092384171687344654 0.09866555890681677488 
0.30622790241862968275 0.00317828975828334187 0.57785434160418946981 0.01142321075744527625 0.10131625546145232863 
0.08082871581698551633 0.01605938953529079810 0.69941222315585349634 0.03672189074997914138 0.16697778074189101316 
0.06293291709014828261 0.01680621750249953680 0.68085841934085877813 0.03399571703189140093 0.20540672903460197030 
0.07208032488780050095 0.01727694953776034645 0.71370110730823976830 0.02004163687007409073 0.17689998139612533867 
0.05525992007515475452 0.00745725017463233237 0.71165365472344355169 0.04650894361256013854 0.17912023141420924111 
0.07464189374815551059 0.01789800721681706480 0.70673218830990913730 0.04216878835000081177 0.15855912237511746166 
0.04503347301881385073 0.01617393662495119483 0.73463192687864731223 0.06033402361975388067 0.14382663985783369909 
0.05883612848138738277 0.01240419206045495666 0.71782259744732557216 0.04183723841071814581 0.16909984360011404148 
0.07135063228944912850 0.01150515834343234650 0.69211905422420261225 0.05447634223179464302 0.17054881291112131136 
0.07692675191461312290 0.00448780919549817293 0.72226836975013219977 0.04425426027021644310 0.15206280886954010034 
0.06194393359916554320 0.01093564983897585448 0.71283461519808966056 0.03812137266799098950 0.17616442869577800256 
0.05626954245923401765 0.01312108492932216250 0.72860055746831009493 0.03751881902565230853 0.16448999611748149619 
0.08751754805099196122 0.01379075236277562538 0.71414563291710009274 0.03532412908394236273 0.14922193758518995099 
0.07710899587930858390 0.00029918366920846058 0.69708460542246386549 0.04305529729029987374 0.18245191773871907714 
0.06793403009951473615 0.00032671140526693024 0.71497187732654576831 0.04638387851453877608 0.17038350265413376716 
0.06335465126782063860 0.02038945100678340658 0.70203065834954025970 0.04095852105957885347 0.17326671831627676879 
0.06250944498498096913 0.00838727031342809994 0.71497051802863109682 0.04339913898738967379 0.17073362768557021063 
0.06874022664262717519 0.00267995886249928691 0.71406740723186401532 0.04962726117568787981 0.16488514608732174338 
0.05644258419887551032 0.01533050550379465131 0.70558754152733038634 0.04835541677952905071 0.17428395199047030939 
0.05118817201721940352 0.01919994789722315881 0.68575820781719842856 0.05966185046825199512 0.18419182180010709726 
0.05370796264786158181 0.00664547870894961670 0.71544204324984816967 0.04407790393797476891 0.18012661145536573715 
0.03469965664718065862 0.00975355037554302695 0.63998764433058386025 0.06830929441813204939 0.24724985422856032846 
0.06642302166329518143 0.00390279478729945416 0.65669923324421741739 0.03640198880693211458 0.23657296149825582376 
0.06430088766250607879 0.02348695109414650553 0.64742517526967280350 0.03477079817199587447 0.23001618780167876199 
0.05997458334154903009 0.01542383698396929299 0.65968728654916752863 0.03006880662240716748 0.23484548650290687499 
0.06297263335193509226 0.00666984309692792744 0.64558033740833509206 0.04654106596924054151 0.23823612017356129988 
0.06830918171876015910 0.00731233885770980752 0.65379486716088330844 0.03898341237250987218 0.23160019989013685970 
0.05217024115835334347 0.01453087915967688111 0.65291690778669331241 0.04623700332805178587 0.23414496856722466500 
0.05136823549928615229 0.01238571915987146319 0.65880189395951915809 0.04708856785428167102 0.23035558352704149643 
0.06928360089806274991 0.01488060915385672027 0.65169270136741619392 0.03535336853986758426 0.22878972004079670133 
0.06001153220333566712 0.00605835086185605148 0.65579791631128447893 0.04057668076271805924 0.23755551986080572502 
0.03127620528332965277 0.00000000100000000000 0.85223678259455626360 0.00000000100000000000 0.11648701012211402916 
0.03579511782195220204 0.00690935379672548249 0.83611133522236047444 0.00102095451506955723 0.12016323864389236165 
0.04169694550476094747 0.00001602452983049433 0.84169239406327589492 0.00681819803733514553 0.10977643786479751586 
0.03385972346679710226 0.00144570165546031664 0.86513804447444386803 0.00419108157651478484 0.09536544882678379964 
0.00658564189276797645 0.00603535063032831828 0.88927643312437243406 0.00015159606737847714 0.09795097828515278438 
0.01843606211415442162 0.00113146744469631096 0.84171575772791717984 0.01309335123382335958 0.12562336147940866837 
0.03744611081892945670 0.00000000239228911270 0.84662853503342128114 0.01121652063683744108 0.10470883111852272163 
0.02093672105364313002 0.00022510900945626195 0.86893868595011636291 0.00058501432448350476 0.10931446966230073947 
0.02889973834814212744 0.00002699714142682947 0.83629806765412584291 0.01058250197140482227 0.12419269488490042308 
0.02827743242546465474 0.00000025797067439773 0.85871148602626823365 0.00348237816581552099 0.10952844541177719773 
0.04263976962343112020 0.01311544840723517964 0.74304921960505043721 0.04877265841277658720 0.15242290395150670523 
0.03888364723122882116 0.00510994839583693225 0.76969507803761250120 0.03474993423768688722 0.15156139209763480613 
0.04387504247265121976 0.00526540257653495582 0.76911992634941217517 0.06158666192316956944 0.12015296667823210930 
0.05720091310887440855 0.00053758672141791645 0.75720499499121574072 0.03079940406118453905 0.15425710111730728258 
0.04528784257500923643 0.00801072643482319061 0.76464338573446488656 0.04400453696679004767 0.13805350828891257975 
0.05518026030074683896 0.00000000100000000000 0.78795330171178012968 0.03001549396010962795 0.12685094302736332761 
0.06665491826287327226 0.00974496920779037261 0.78282160003114964475 0.02310899058226171046 0.11766952191592505716 
0.05802785242289130313 0.00720426511348179997 0.72011385657695847762 0.05427307728089305477 0.16038094860577528644 
0.07233563998550843199 0.00188465527379216261 0.75025094145791837441 0.05147262892968976905 0.12405613435309122139 
0.08285364203814557515 0.00014227426530672509 0.74209584975855058531 0.03256547531446810778 0.14234275862352890885 
0.07223054482677664090 0.00393746037731892984 0.76335964153508395480 0.02501957726017596181 0.13545277600064453694 
0.04758439411138155190 0.00962483005537112003 0.73716798831479835030 0.05785917395296363841 0.14776361356548534109 
0.06562027903083331171 0.00745858749635142006 0.72228156185079117613 0.05348287352167628572 0.15115669810034784715 
0.06259875107760226598 0.00122414994014428415 0.75698516917046354546 0.03879513291894343824 0.14039679689284642605 
0.07998425344395714010 0.00075672834354235312 0.74377822757333378334 0.03113170355236802647 0.14434908708679858313 
0.04982430969961886003 0.00000039408373884936 0.74086637357231310830 0.06331946141335921541 0.14598946123096995242 
0.04396834452166704238 0.01126013597892078048 0.78030418959455150052 0.03491324282512509730 0.12955408707973559146 
0.04771589701428539249 0.00274850069941841128 0.74756955586851780993 0.03532637642623382562 0.16663966999154461446 
0.05548808482468757519 0.00240735654618861629 0.74318370986669657352 0.01747306856243513798 0.18144778019999210916 
0.04176408486214044924 0.00002903565477124515 0.78320887141361272832 0.01857355826973867974 0.15642444979973693653 
0.04588494614858472376 0.01059940681717335374 0.75577112995930006978 0.04296974313494900111 0.14477477393999282906 
0.04555345289788539920 0.00657662658508951711 0.77854252949769187087 0.01622462436375301381 0.15310276665558020248 
0.04514957602544329013 0.00613006326647300582 0.75834271849280088240 0.03337117801499177999 0.15700646420029104600 
0.04185282507419957332 0.00594622412330018512 0.76460272411688323668 0.03918607519588793164 0.14841215148972911053 
0.04518976075102497381 0.00044453546923980025 0.75753389145574945296 0.02965411668365939765 0.16717769564032619600 
0.04954491990227590653 0.01769507537230700228 0.73893060115115627440 0.02436005945956980570 0.16946934411469105619 
0.04888281001908566931 0.00375328616083252849 0.74643325392025072773 0.03042782858165946069 0.17050282131817157127 
0.04834174202599399867 0.00737450423727604824 0.75221568207851152721 0.03595683668530552657 0.15611123497291298778 
0.05662479954099487733 0.01001069080380505294 0.72708883907498478294 0.01873524791500228576 0.18754042266521311899 
0.04020711961726741029 0.00800129208616024747 0.78236492488788977884 0.01559233669689904025 0.15383432671178343121 
0.02927714462750083055 0.00749667449967125928 0.80775504382321994257 0.02719445445016857935 0.12827668259943936224 
0.02769596571301609009 0.01444302627951842694 0.76634833616724062910 0.04992849142169734217 0.14158418041852760538 
0.04264760112777602613 0.00974725818434806282 0.76540503651882418890 0.02865066471016243857 0.15354943945888926971 
0.04609844068355054003 0.00008513225000950436 0.74023522358908688812 0.05627379173729543660 0.15730741174005771765 
0.04114944526646832634 0.00840396549972744107 0.77216504704004285120 0.01922154346120972732 0.15905999873255158295 
0.04140823422974232448 0.00714780136050650276 0.75569931179620408734 0.03593016825696874333 0.15981448435657827356 
0.04654984587870569096 0.00142711804649130734 0.79224787211186054048 0.01952074849504892642 0.14025441546789355063 
0.05393241919804771939 0.00000000350767956297 0.75133546363830194803 0.03982102906740189047 0.15491108458856883701 
0.04527041466105617001 0.00004837085487421233 0.80796471052038099092 0.00465952714701494894 0.14205697681667378562 
0.02935191094274566814 0.00000181122672627538 0.82719812393157232666 0.01799066531061783297 0.12545748858833802308 
0.03045808032748007280 0.00218891539994594533 0.83369207642133502656 0.00152905304582516620 0.13213187480541369045 
0.03575997482201038330 0.00000264244028148658 0.83163226397455414229 0.00052438417425461803 0.13208073458889924012 
0.04606268542209628059 0.00000000100000000000 0.81348902243746779028 0.00000668320575701132 0.14044160793467894144 
0.01199610615083632030 0.00000000100000000000 0.84667488917841826623 0.01146309140829833255 0.12986591226244698083 
0.04266633125910176960 0.00000000100000000000 0.83601125869906900423 0.00120085360895455582 0.12012155543287451887 
0.02391132803093571832 0.00000000099999999999 0.85096285515613379058 0.00005781235614642186 0.12506800345678412145 
0.03197179950695430012 0.00001914269433966525 0.81929160236012854579 0.00449779543533309310 0.14421966000324443202 
0.03547573713015974434 0.00000006020769227614 0.85484133971796338880 0.00281707316342838998 0.10686578978075625401 
0.01870786102465002432 0.00000005817484104524 0.81968878003131273591 0.01835633520918969822 0.14324696556000646175 
0.04255714401910631189 0.00105195151953568333 0.82067343051641750140 0.00192565120797043754 0.13379182273697015626 
0.04329716051242352842 0.00000000208738828355 0.80486552995376281494 0.00900026038386139010 0.14283704706256408756 
0.04572803271338833631 0.00097519041752408661 0.81697459022361207381 0.00978581202603928321 0.12653637461943606501 
0.03713248348287181977 0.00406819336480304227 0.83562895258758584927 0.00000000100000000000 0.12317036956473917386 
0.02049324020747929007 0.00043724961446318028 0.86392982954751151858 0.00000026286333862066 0.11513941776720738874 
0.02345496091708632741 0.00000000100000000000 0.84703332390507701799 0.01070300968612944090 0.11880870449170718994 
0.03467858539099413773 0.00000000099999999999 0.85241646264742654271 0.00021955396808279244 0.11268539699349652827 
0.04524118704625845061 0.00000000100000000000 0.81789759796269911885 0.00003426099045964256 0.13682695300058264620 
0.04283854832134197099 0.00092049467778951288 0.83268969761058220236 0.00255470371341352462 0.12099655567687273017 
0.00000000099999999995 0.00000000099999999995 0.99999999599999989108 0.00000000099999999995 0.00000000099999999995 
0.00000000099999999996 0.00000000099999999996 0.99999999600000000211 0.00000000099999999996 0.00000000099999999996 
0.00000000099999999996 0.00000000099999999996 0.99999999600000000211 0.00000000099999999996 0.00000000099999999996 
0.00000000099999999995 0.00000000099999999995 0.99999999599999989108 0.00000000099999999995 0.00000000099999999995 
0.00000000099999999995 0.00000000099999999995 0.99999999600000000211 0.00000000099999999995 0.00000000099999999995 
0.00000000099999999995 0.00000000099999999995 0.99999999600000000211 0.00000000099999999995 0.00000000099999999995 
0.00000000099999999995 0.00000000099999999995 0.99999999600000000211 0.00000000099999999995 0.00000000099999999995 
0.00000000099999999995 0.00000000099999999995 0.99999999600000000211 0.00000000099999999995 0.00000000099999999995 
0.00000000099999999996 0.00000000099999999996 0.99999999600000000211 0.00000000099999999996 0.00000000099999999996 
0.00000000099999999996 0.00000000099999999996 0.99999999600000000211 0.00000000099999999996 0.00000000099999999996 
0.00000000099999999996 0.00000000099999999996 0.99999999599999989108 0.00000000099999999996 0.00000000099999999996 
0.00000000099999999995 0.00000000099999999995 0.99999999600000000211 0.00000000099999999995 0.00000000099999999995 
0.00000000099999999996 0.00000000099999999996 0.99999999599999989108 0.00000000099999999996 0.00000000099999999996 
0.00000000099999999994 0.00000000099999999994 0.99999999600000000211 0.00000000099999999994 0.00000000099999999994 
0.00000000099999999995 0.00000000099999999995 0.99999999599999989108 0.00000000099999999995 0.00000000099999999995 
0.00000000099999999993 0.00000000099999999993 0.99999999600000000211 0.00000000099999999993 0.00000000099999999993 
0.00000000099999999995 0.00000000099999999995 0.99999999599999989108 0.00000000099999999995 0.00000000099999999995 
0.00000000099999999993 0.00000000099999999993 0.99999999599999989108 0.00000000099999999993 0.00000000099999999993 
0.00000000099999999996 0.00000000099999999996 0.99999999600000000211 0.00000000099999999996 0.00000000099999999996 
0.00000000099999999995 0.00000000099999999995 0.99999999600000000211 0.00000000099999999995 0.00000000099999999995 
0.09356664834312607149 0.00112461177253995992 0.69459219321330489816 0.04930770817730976280 0.16140883849371939762 
0.09149669885631035726 0.00653220078470898632 0.69271547369099839564 0.04894312313660019453 0.16031250353138193354 
0.07518117641613765445 0.00519929961259836624 0.71379401644826634410 0.04418065296224633204 0.16164485456075128322 
0.10600602319639781945 0.00817744969809103793 0.72524536629622049499 0.02245610833976067339 0.13811505246953001413 
0.08738419381078704751 0.00019316696848112203 0.72202416064843732979 0.04253890686264579640 0.14785957170964858509 
0.08211631558998463976 0.00780911704999291256 0.67745688118352442864 0.05346743721127047294 0.17915024896522757647 
0.08310519907336083589 0.00679756742595423111 0.72505174226406776672 0.03758721682038422551 0.14745827441623290954 
0.06746820183928339820 0.00443449921952806560 0.68861785926057483831 0.05803423985136910157 0.18144519982924459112 
0.06972327503498258749 0.00368337725824988745 0.69463598846671525955 0.05521163198300794300 0.17674572725704434939 
0.07329396862433248949 0.00666888354615216648 0.70698599027438335796 0.03740880040861477990 0.17564235714651715847 
0.00000000099999999984 0.99999999600000011313 0.00000000099999999984 0.00000000099999999984 0.00000000099999999984 
0.00000000099999999981 0.99999999600000011313 0.00000000099999999981 0.00000000099999999981 0.00000000099999999981 
0.00000000099999999983 0.99999999600000000211 0.00000000099999999983 0.00000000099999999983 0.00000000099999999983 
0.00000000099999999983 0.99999999600000011313 0.00000000099999999983 0.00000000099999999983 0.00000000099999999983 
0.00000000099999999981 0.99999999600000011313 0.00000000099999999981 0.00000000099999999981 0.00000000099999999981 
0.00000000099999999978 0.99999999600000011313 0.00000000099999999978 0.00000000099999999978 0.00000000099999999978 
0.00000000099999999981 0.99999999600000011313 0.00000000099999999981 0.00000000099999999981 0.00000000099999999981 
0.00000000099999999985 0.99999999600000000211 0.00000000099999999985 0.00000000099999999985 0.00000000099999999985 
0.00000000099999999979 0.99999999600000011313 0.00000000099999999979 0.00000000099999999979 0.00000000099999999979 
0.00000000099999999983 0.99999999600000011313 0.00000000099999999983 0.00000000099999999983 0.00000000099999999983 
0.00000000099999999980 0.99999999600000000211 0.00000000099999999980 0.00000000099999999980 0.00000000099999999980 
0.00000000099999999980 0.99999999600000011313 0.00000000099999999980 0.00000000099999999980 0.00000000099999999980 
0.00000000099999999981 0.99999999600000000211 0.00000000099999999981 0.00000000099999999981 0.00000000099999999981 
0.00000000099999999982 0.99999999600000011313 0.00000000099999999982 0.00000000099999999982 0.00000000099999999982 
0.00000000099999999982 0.99999999600000000211 0.00000000099999999982 0.00000000099999999982 0.00000000099999999982 
0.00000000099999999979 0.99999999600000011313 0.00000000099999999979 0.00000000099999999979 0.00000000099999999979 
0.00000000099999999984 0.99999999600000011313 0.00000000099999999984 0.00000000099999999984 0.00000000099999999984 
0.00000000099999999986 0.99999999600000000211 0.00000000099999999986 0.00000000099999999986 0.00000000099999999986 
0.00000000099999999984 0.99999999600000000211 0.00000000099999999984 0.00000000099999999984 0.00000000099999999984 
0.00000000099999999981 0.99999999600000011313 0.00000000099999999981 0.00000000099999999981 0.00000000099999999981 
0.00000000099999999988 0.00000000099999999988 0.00000000099999999988 0.99999999600000000211 0.00000000099999999988 
0.00000000099999999992 0.00000000099999999992 0.00000000099999999992 0.99999999600000000211 0.00000000099999999992 
0.00000000099999999991 0.00000000099999999991 0.00000000099999999991 0.99999999600000000211 0.00000000099999999991 
0.00000000099999999991 0.00000000099999999991 0.00000000099999999991 0.99999999599999989108 0.00000000099999999991 
0.00000000099999999989 0.00000000099999999989 0.00000000099999999989 0.99999999600000000211 0.00000000099999999989 
0.00000000099999999991 0.00000000099999999991 0.00000000099999999991 0.99999999600000000211 0.00000000099999999991 
0.00000000099999999991 0.00000000099999999991 0.00000000099999999991 0.99999999599999989108 0.00000000099999999991 
0.00000000099999999989 0.00000000099999999989 0.00000000099999999989 0.99999999600000000211 0.00000000099999999989 
0.00000000099999999989 0.00000000099999999989 0.00000000099999999989 0.99999999599999989108 0.00000000099999999989 
0.00000000099999999990 0.00000000099999999990 0.00000000099999999990 0.99999999599999989108 0.00000000099999999990 
0.00000000099999999990 0.00000000099999999990 0.00000000099999999990 0.99999999600000000211 0.00000000099999999990 
0.00000000099999999993 0.00000000099999999993 0.00000000099999999993 0.99999999600000000211 0.00000000099999999993 
0.00000000099999999993 0.00000000099999999993 0.00000000099999999993 0.99999999599999989108 0.00000000099999999993 
0.00000000099999999991 0.00000000099999999991 0.00000000099999999991 0.99999999599999989108 0.00000000099999999991 
0.00000000099999999990 0.00000000099999999990 0.00000000099999999990 0.99999999599999989108 0.00000000099999999990 
0.00000000099999999991 0.00000000099999999991 0.00000000099999999991 0.99999999599999989108 0.00000000099999999991 
0.00000000099999999989 0.00000000099999999989 0.00000000099999999989 0.99999999600000000211 0.00000000099999999989 
0.00000000099999999988 0.00000000099999999988 0.00000000099999999988 0.99999999600000000211 0.00000000099999999988 
0.00000000099999999991 0.00000000099999999991 0.00000000099999999991 0.99999999599999989108 0.00000000099999999991 
0.00000000099999999990 0.00000000099999999990 0.00000000099999999990 0.99999999599999989108 0.00000000099999999990 
0.00000000099999999996 0.00000000099999999996 0.00000000099999999996 0.99999999599999989108 0.00000000099999999996 
0.00000000099999999997 0.00000000099999999997 0.00000000099999999997 0.99999999600000000211 0.00000000099999999997 
0.00000000099999999996 0.00000000099999999996 0.00000000099999999996 0.99999999600000000211 0.00000000099999999996 
0.00000000099999999998 0.00000000099999999998 0.00000000099999999998 0.99999999599999989108 0.00000000099999999998 
0.00046905928851997969 0.00000000099999999997 0.00000000099999999997 0.99953093771147993873 0.00000000099999999997 
0.01687690576208238785 0.00000000099999999998 0.00000000099999999998 0.98312309123791752352 0.00000000099999999998 
0.00000013076860973968 0.00000000099999999997 0.00000000099999999997 0.99999986623139014430 0.00000000099999999997 
0.00000000099999999995 0.00000000099999999995 0.00000000099999999995 0.99999999599999989108 0.00000000099999999995 
0.00000000099999999995 0.00000000099999999995 0.00000000099999999995 0.99999999599999989108 0.00000000099999999995 
0.00000000099999999996 0.00000000099999999996 0.00000000099999999996 0.99999999599999989108 0.00000000099999999996 
0.00000000099999999995 0.00000000099999999995 0.00000000099999999995 0.99999999600000000211 0.00000000099999999995 
0.00000000099999999997 0.00000000099999999997 0.00000000099999999997 0.99999999599999989108 0.00000000099999999997 
0.00000000099999999996 0.00000000099999999996 0.00000000099999999996 0.99999999599999989108 0.00000000099999999996 
0.00000000099999999997 0.00000000099999999997 0.00000000099999999997 0.99999999600000000211 0.00000000099999999997 
0.00000000099999999994 0.00000000099999999994 0.00000000099999999994 0.99999999599999989108 0.00000000099999999994 
0.00000000099999999996 0.00000000099999999996 0.00000000099999999996 0.99999999600000000211 0.00000000099999999996 
0.00000000099999999996 0.00000000099999999996 0.00000000099999999996 0.99999999599999989108 0.00000000099999999996 
0.00000000099999999996 0.00000000099999999996 0.00000000099999999996 0.99999999600000000211 0.00000000099999999996 
0.02646109558810530449 0.00000000099999999999 0.00000000099999999999 0.97349050375186740869 0.00004839866002740655 
0.00000952970825879991 0.00000000099999999999 0.00000000099999999999 0.99033887302732881430 0.00965159526441233817 
0.00000000099999999996 0.00000000099999999996 0.00000000099999999996 0.00000000099999999996 0.99999999599999989108 
0.00000000099999999994 0.00000000099999999994 0.00000000099999999994 0.00000000099999999994 0.99999999600000000211 
0.00000000099999999994 0.00000000099999999994 0.00000000099999999994 0.00000000099999999994 0.99999999599999989108 
0.00000000099999999993 0.00000000099999999993 0.00000000099999999993 0.00000000099999999993 0.99999999600000000211 
0.00000000099999999993 0.00000000099999999993 0.00000000099999999993 0.00000000099999999993 0.99999999600000000211 
0.00000000099999999990 0.00000000099999999990 0.00000000099999999990 0.00000000099999999990 0.99999999600000000211 
0.00000000099999999992 0.00000000099999999992 0.00000000099999999992 0.00000000099999999992 0.99999999600000000211 
0.00000000099999999994 0.00000000099999999994 0.00000000099999999994 0.00000000099999999994 0.99999999600000000211 
0.00000000099999999996 0.00000000099999999996 0.00000000099999999996 0.00000000099999999996 0.99999999599999989108 
0.00000000099999999994 0.00000000099999999994 0.00000000099999999994 0.00000000099999999994 0.99999999599999989108 
0.00000000099999999992 0.00000000099999999992 0.00000000099999999992 0.00000000099999999992 0.99999999599999989108 
0.00000000099999999993 0.00000000099999999993 0.00000000099999999993 0.00000000099999999993 0.99999999600000000211 
0.00000000099999999993 0.00000000099999999993 0.00000000099999999993 0.00000000099999999993 0.99999999599999989108 
0.00000000099999999992 0.00000000099999999992 0.00000000099999999992 0.00000000099999999992 0.99999999599999989108 
0.00000000099999999992 0.00000000099999999992 0.00000000099999999992 0.00000000099999999992 0.99999999599999989108 
0.00000000099999999994 0.00000000099999999994 0.00000000099999999994 0.00000000099999999994 0.99999999599999989108 
0.00000000099999999996 0.00000000099999999996 0.00000000099999999996 0.00000000099999999996 0.99999999600000000211 
0.00000000099999999993 0.00000000099999999993 0.00000000099999999993 0.00000000099999999993 0.99999999600000000211 
0.00000000099999999992 0.00000000099999999992 0.00000000099999999992 0.00000000099999999992 0.99999999600000000211 
0.00000000099999999994 0.00000000099999999994 0.00000000099999999994 0.00000000099999999994 0.99999999599999989108 
0.00000000099999999994 0.00000000099999999994 0.00000000099999999994 0.00000000099999999994 0.99999999599999989108 
0.07427905788153776889 0.00000000099999999999 0.00000000099999999999 0.00000000099999999999 0.92572093911846231595 
0.08367890089607699089 0.00000000099999999999 0.00000000099999999999 0.00000011336176018909 0.91632098374216275349 
0.08094850508889013530 0.00000000100000000000 0.00000000100000000000 0.00884687798935965795 0.91020461492175031015 
0.07934956968851133996 0.00000000099999999999 0.00000000099999999999 0.00000000099999999999 0.92065042731148871713 
0.07645061094922532552 0.00000000099999999999 0.00000000099999999999 0.00000000780086909355 0.92354937924990565534 
0.05785829921907884033 0.00000000148257512314 0.00000000100000000000 0.00000373848663680967 0.94213795981170922467 
0.07219717823151469704 0.00000000099999999999 0.00000000099999999999 0.00000000099999999999 0.92780281876848536005 
0.09840453900182585811 0.00000000099999999999 0.00743510194600651483 0.00000000099999999999 0.89416035705216756480 
0.09652423987498519320 0.00000000099999999999 0.00000002051698477760 0.00000000099999999999 0.90347573760803012721 
0.07043508689830485503 0.00000000099999999999 0.00000000099999999999 0.00000000099999999999 0.92956491010169517430 
0.09833722080935855536 0.00000000100000000000 0.00000000100000000000 0.00000340569632114167 0.90165937149432029418 
0.08608810935054456159 0.00000000100000000000 0.01885278201922554672 0.00000064968187336546 0.89505845794835647844 
0.07999765436520102357 0.00000000099999999999 0.00000000099999999999 0.00000000099999999999 0.92000234263479885310 
0.09299168523907982986 0.00000000100000000000 0.00000000467175288677 0.00286046348929282039 0.90414784559987437795 
0.08135490252437234393 0.00000000099999999999 0.00000000346783152927 0.00000000099999999999 0.91864509200779609355 
0.08763636658311373118 0.00000000099999999999 0.00020535080621551167 0.00000000099999999999 0.91215828061067072419 
0.09158360792839989606 0.00033530971414388693 0.00000030428132957337 0.00884828143927803880 0.89923249663684856614 
0.07920088477240340430 0.00017527197327291388 0.00000010248604735610 0.00026815107934787690 0.92035558968892838827 
0.08345321926831425485 0.00000000099999999999 0.00000000099999999999 0.00000000099999999999 0.91654677773168558019 
0.07943508574573104886 0.00000000099999999999 0.00000000099999999999 0.00000000099999999999 0.92056491125426886946 
0.10779368212355369683 0.01205245735194909393 0.10349517873316209371 0.02060739098581302123 0.75605129080552213594 
0.09047918647590484642 0.00644715889549950499 0.10254474178441869148 0.04011112755393510254 0.76041778529024184330 
0.08235241008942913166 0.00011990083763660256 0.12119798324523294031 0.03343513658944509415 0.76289456923825627044 
0.10212364214032469689 0.00012043419328000450 0.12454574374176607954 0.02392078892087522862 0.74928939100375402393 
0.09406300191263373967 0.00665726368001384218 0.11661636092947653964 0.00097447512926119608 0.78168889834861465804 
0.09044558378570624613 0.00000080773033154470 0.09117713923475606608 0.02240078549145171904 0.79597568375775429317 
0.10384289327811532799 0.00121840521821098085 0.13462493945611048174 0.02095075963474283751 0.73936300241282038037 
0.09900041185773521268 0.00720459401256113696 0.13781634681788207386 0.00976422361275103290 0.74621442369907053926 
0.10135563553078220933 0.00411964980169297369 0.09657875599685962487 0.02253137857617558762 0.77541458009448960276 
0.10376699802631771108 0.00343494506647734101 0.10861040371228164458 0.01325818826459596554 0.77092946493032732391 
0.08911110806876459955 0.00003291021495050731 0.09208985181668462305 0.00644583834327769507 0.81232029155632246020 
0.09749870632904263090 0.01211435871502469785 0.12564816458711444702 0.02453404771158952669 0.74020472265722869754 
0.11137874212337939284 0.03142068393706869134 0.37578414381448732584 0.11426101930382506766 0.36715541082123942518 
0.12988213122726327553 0.02848462216773370304 0.37701921859308978879 0.11289016048803604542 0.35172386752387735376 
0.10429584931622778998 0.02928538989256476016 0.37381428442185626881 0.12696577335861999880 0.36563870301073120306 
0.11922145397616594475 0.02834939384004243890 0.37418100667529363701 0.13009588880779754394 0.34815225670070037989 
0.10810051911078925879 0.03046260861094732958 0.39845578685474036806 0.11876731974762745614 0.34421376567589551110 
0.14164646568672648042 0.02437082623010601579 0.37318296410581525135 0.11490244693035985002 0.34589729704699240243 
0.14331990776568476198 0.03042986168052149928 0.36435838357869032578 0.11568842986505388504 0.34620341711004959384 
0.13154965957048633807 0.02748166327240681925 0.36107240093721093555 0.12545450218127393582 0.35444177403862187070 
0.12227967101287404161 0.02853844404266182508 0.37140767382888395520 0.11890238126826378762 0.35887182984731624824 
0.12918836641701539336 0.03296067367193195735 0.36109684408772924069 0.12828001119384324635 0.34847410462948025245 
0.13175074534870284682 0.03442052367561279635 0.37328193889143967965 0.11055941488556192409 0.34998737719868289187 
0.13315775901905974044 0.04902820178398345496 0.36849187838840269382 0.13586549352878599106 0.31345666727976811972 
0.11973094299277940722 0.03482994346750976217 0.35439014436675964070 0.13704745389626543650 0.35400151527668566320 
0.12325064562788666522 0.02487048990815065100 0.36790580208112083627 0.11622691443207562589 0.36774614795076610019 
0.13030523210631322906 0.02733468294616071825 0.36153284302525318106 0.11320748451638086574 0.36761975740589197814 
0.13203571163615188122 0.03181866704963164788 0.36194701222007602537 0.10644533469713468588 0.36775327439700572496 
0.11912330787941907695 0.03090150873217266739 0.37320121898546515515 0.11607507155866331194 0.36069889284427986142 
0.12127699254121024341 0.03263898302458843881 0.36648523080874928493 0.11001218870309201203 0.36958660492236000694 
0.11842551652707621057 0.02199383253570753871 0.36143870023635044086 0.12412775666006517494 0.37401419404080060716 
0.12268359545550405754 0.03474324276843113180 0.37261441779889953319 0.11213622358199674955 0.35782252039516859732 
0.12797951648025007731 0.02562403816224215897 0.37494567531849981590 0.12192524376692068233 0.34952552627208721692 
0.13411177092252538068 0.02745524189856240332 0.35917460142307233717 0.13254195510560048965 0.34671643065023943775 
0.12931395727460873180 0.03009125924297777893 0.36001724941742146990 0.12552428737020851490 0.35505324669478360855 
0.13877311006073747568 0.03966320616884514566 0.37644472739005935269 0.11651704198408828483 0.32860191439626973420 
0.12482920847856271429 0.02750565483873872175 0.37341299887813261815 0.09593024863221291665 0.37832188917235304304 
0.12233535033018480553 0.02935306428705909687 0.37657396316193525454 0.10540558301432097210 0.36633203920649987095 
0.11905078806208843623 0.03206967205424300638 0.36245605835789573845 0.12105525312931425530 0.36536822839645849426 
0.10555109290081128581 0.03232701310529979832 0.36573335130640294288 0.13078476909052244581 0.36560377359696355493 
0.11420740160501174909 0.03641228083088740575 0.37159672397753618078 0.12060737360169562771 0.35717621998486892565 
0.13097917640184902899 0.03339260425510780922 0.35805248467134737078 0.10650319892771019370 0.37107253574398557650 
0.14021959232107086835 0.03315260460120331848 0.37851786281027410830 0.10546634138768755384 0.34264359887976414409 
0.12555168679015477062 0.03900301697268192258 0.36825405618887646630 0.11751981162468831676 0.34967142842359844046 
0.12847086900739446147 0.03291581614474281547 0.37372566936402112914 0.10000163060004435556 0.36488601488379734938 
0.15220180018052870130 0.03432306118726646121 0.36257881247572748551 0.10600279541426874119 0.34489353074220857609 
0.12225615030418657270 0.03191631209260211571 0.37624248662171588808 0.12885206570059129505 0.34073298528090412152 
0.10116078148920290558 0.03158250932682647033 0.38111824654261694523 0.14210851810780711357 0.34402994453354657223 
0.13350229120248491288 0.02831094464915041853 0.38526253014465450253 0.11731461869449508195 0.33560961530921495921 
0.12587368032021609143 0.03021352206146020111 0.36389354868982737301 0.12188472295558069880 0.35813452597291567381 
0.14629221172694459319 0.03535309958823507764 0.35152046748884158145 0.12805568532653549552 0.33877853586944334241 
0.10669369907260095598 0.03993457005308853613 0.40011589702564009929 0.10985177015523768518 0.34340406369343279280 
0.12866675866486962376 0.02996223391190382807 0.38247923418240697968 0.11116808986167327211 0.34772368337914633107 
0.12807130162065238910 0.03469910701628995536 0.36177091174773107207 0.11367494423761603795 0.36178373537771058022 
0.14000693019712898146 0.02315511345975418064 0.38508001225911370202 0.10187274640702702333 0.34988519767697606744 
0.13340362891609600093 0.03302347283147751694 0.38589592260213656516 0.11272890515003870793 0.33494807050025121598 
0.10999990239617524201 0.03879024472651072808 0.37283094488581708381 0.10992826672351704853 0.36845064126797999471 
0.13198208340509642866 0.03115873235647880976 0.37432866874427983550 0.09668075969515974033 0.36584975579898521003 
0.13280347562624078561 0.03152189213110685728 0.36830540577396381208 0.10173165150168252124 0.36563757496700616256 
0.11724621598721306215 0.03467189232296569168 0.39535264638106509816 0.09752663862176945420 0.35520260668698672157 
0.12637977592223345602 0.03075673819105630147 0.38413651981247531886 0.11173718759304966663 0.34698977848118534029 
0.12019565497757728201 0.03511647931374504983 0.35535174277317704838 0.12584952571159899182 0.36348659722390164184 
