0.00000000099999999992 0.09197444690389036670 0.90802554609610985903 0.00000000099999999992 0.00000000099999999992 0.00000000099999999992 0.00000000099999999992 0.00000000099999999992 0.00000000099999999992 
0.00000000099999999993 0.08638667984933372235 0.91361331315066640624 0.00000000099999999993 0.00000000099999999993 0.00000000099999999993 0.00000000099999999993 0.00000000099999999993 0.00000000099999999993 
0.00000000099999999993 0.10882823625493327768 0.89117175674506687866 0.00000000099999999993 0.00000000099999999993 0.00000000099999999993 0.00000000099999999993 0.00000000099999999993 0.00000000099999999993 
0.00000000099999999997 0.10289427307924939314 0.89710571992075061054 0.00000000099999999997 0.00000000099999999997 0.00000000099999999997 0.00000000099999999997 0.00000000099999999997 0.00000000099999999997 
0.00000000099999999983 0.06832699827204155585 0.93167299472795861437 0.00000000099999999983 0.00000000099999999983 0.00000000099999999983 0.00000000099999999983 0.00000000099999999983 0.00000000099999999983 
0.00000000099999999998 0.12011458132718261238 0.87988541167281753008 0.00000000099999999998 0.00000000099999999998 0.00000000099999999998 0.00000000099999999998 0.00000000099999999998 0.00000000099999999998 
0.00000000099999999999 0.15594485013697617637 0.79504178529063573855 0.02165366058486080381 0.02735969898752739840 0.00000000099999999999 0.00000000099999999999 0.00000000099999999999 0.00000000099999999999 
0.00000000099999999974 0.99999999200000011523 0.00000000099999999974 0.00000000099999999974 0.00000000099999999974 0.00000000099999999974 0.00000000099999999974 0.00000000099999999974 0.00000000099999999974 
0.00000000099999999978 0.99999999200000011523 0.00000000099999999978 0.00000000099999999978 0.00000000099999999978 0.00000000099999999978 0.00000000099999999978 0.00000000099999999978 0.00000000099999999978 
0.00000000099999999978 0.99999999200000022626 0.00000000099999999978 0.00000000099999999978 0.00000000099999999978 0.00000000099999999978 0.00000000099999999978 0.00000000099999999978 0.00000000099999999978 
0.00000000099999999977 0.99999999200000011523 0.00000000099999999977 0.00000000099999999977 0.00000000099999999977 0.00000000099999999977 0.00000000099999999977 0.00000000099999999977 0.00000000099999999977 
0.00000000099999999976 0.99999999200000011523 0.00000000099999999976 0.00000000099999999976 0.00000000099999999976 0.00000000099999999976 0.00000000099999999976 0.00000000099999999976 0.00000000099999999976 
0.00000000099999999979 0.99999999200000011523 0.00000000099999999979 0.00000000099999999979 0.00000000099999999979 0.00000000099999999979 0.00000000099999999979 0.00000000099999999979 0.00000000099999999979 
0.00000000099999999981 0.99999999200000011523 0.00000000099999999981 0.00000000099999999981 0.00000000099999999981 0.00000000099999999981 0.00000000099999999981 0.00000000099999999981 0.00000000099999999981 
0.00000000099999999977 0.99999999200000022626 0.00000000099999999977 0.00000000099999999977 0.00000000099999999977 0.00000000099999999977 0.00000000099999999977 0.00000000099999999977 0.00000000099999999977 
0.00000000099999999973 0.99999999200000011523 0.00000000099999999973 0.00000000099999999973 0.00000000099999999973 0.00000000099999999973 0.00000000099999999973 0.00000000099999999973 0.00000000099999999973 
0.00000000099999999981 0.99999999200000022626 0.00000000099999999981 0.00000000099999999981 0.00000000099999999981 0.00000000099999999981 0.00000000099999999981 0.00000000099999999981 0.00000000099999999981 
0.00000000099999999978 0.99999999200000011523 0.00000000099999999978 0.00000000099999999978 0.00000000099999999978 0.00000000099999999978 0.00000000099999999978 0.00000000099999999978 0.00000000099999999978 
0.00000000099999999979 0.99999999200000022626 0.00000000099999999979 0.00000000099999999979 0.00000000099999999979 0.00000000099999999979 0.00000000099999999979 0.00000000099999999979 0.00000000099999999979 
0.00000000099999999974 0.99999999200000022626 0.00000000099999999974 0.00000000099999999974 0.00000000099999999974 0.00000000099999999974 0.00000000099999999974 0.00000000099999999974 0.00000000099999999974 
0.00000000099999999979 0.99999999200000022626 0.00000000099999999979 0.00000000099999999979 0.00000000099999999979 0.00000000099999999979 0.00000000099999999979 0.00000000099999999979 0.00000000099999999979 
0.00000000099999999977 0.99999999200000022626 0.00000000099999999977 0.00000000099999999977 0.00000000099999999977 0.00000000099999999977 0.00000000099999999977 0.00000000099999999977 0.00000000099999999977 
0.00000000099999999980 0.99999999200000022626 0.00000000099999999980 0.00000000099999999980 0.00000000099999999980 0.00000000099999999980 0.00000000099999999980 0.00000000099999999980 0.00000000099999999980 
0.00000000099999999977 0.99999999200000022626 0.00000000099999999977 0.00000000099999999977 0.00000000099999999977 0.00000000099999999977 0.00000000099999999977 0.00000000099999999977 0.00000000099999999977 
0.00000000099999999973 0.99999999200000022626 0.00000000099999999973 0.00000000099999999973 0.00000000099999999973 0.00000000099999999973 0.00000000099999999973 0.00000000099999999973 0.00000000099999999973 
0.00000000099999999977 0.99999999200000011523 0.00000000099999999977 0.00000000099999999977 0.00000000099999999977 0.00000000099999999977 0.00000000099999999977 0.00000000099999999977 0.00000000099999999977 
0.00000000099999999989 0.99999999200000011523 0.00000000099999999989 0.00000000099999999989 0.00000000099999999989 0.00000000099999999989 0.00000000099999999989 0.00000000099999999989 0.00000000099999999989 
0.00000000100000000000 0.20850821996758972521 0.08181242777656971832 0.56098604355922410125 0.09942474356393947443 0.01337129620736274629 0.01635897746719115059 0.00334092047416581104 0.01619736998395731806 
0.00000000100000000000 0.22448404788207837468 0.08896730510755961052 0.58846898513536405328 0.09807963855723875191 0.00000000100000000000 0.00000000100000000000 0.00000000100000000000 0.00000001931775936852 
0.01009572296942957796 0.20285734824762899353 0.09764702442179719333 0.54474749300031877208 0.10422558638001409859 0.00660208289452116938 0.00000000100000000000 0.00236836630545863821 0.03145637478083169319 
0.00000000099999999999 0.21394043268502879740 0.08354462289472411318 0.58899880292994744035 0.10667697407231482853 0.00683913634474497822 0.00000000099999999999 0.00000000099999999999 0.00000002807323988445 
0.00000000100000000000 0.23230678513019289988 0.08929843264953031545 0.56651366436595307352 0.09934445243140156701 0.00000000100000000000 0.01253666142292231972 0.00000000100000000000 0.00000000100000000000 
0.00000000099999999999 0.21966370660180481456 0.06557368523874035349 0.62121463644801500070 0.09236763450669041586 0.00000000099999999999 0.00000000099999999999 0.00118033320474925357 0.00000000099999999999 
0.00209543847574884552 0.23719772372339115174 0.07730704798683475654 0.54928540249630608550 0.09642640349721785797 0.00924557899985104827 0.00004548685184298911 0.00327550553016038842 0.02512141243864688192 
0.00999595234473946159 0.24174009193625403680 0.09466874481827980414 0.55165138414635461750 0.09218972007426969040 0.00000000100000000000 0.00975067630041438239 0.00000291489430856565 0.00000051448537934163 
0.00547781666445840403 0.22671684892583207627 0.08560504034407409590 0.56715662693141488671 0.09872375973250295533 0.00186240079649472061 0.01445493646562597510 0.00000000100000000000 0.00000256913959681077 
0.00000000100000000000 0.23323959098927171674 0.06347355335352292127 0.60680514933254092735 0.09647929154613797686 0.00000000100000000000 0.00000000100000000000 0.00000000100000000000 0.00000241077852654201 
0.00296773348755901244 0.24678937328356767567 0.08157593559035199171 0.54551525568446224135 0.08764676049270252178 0.00000041313819788257 0.00000000100000000000 0.00000000100000000000 0.03550452632315879986 
0.00824111080074673048 0.21903839851645001691 0.09052387631667335732 0.51362771170211707350 0.09258962146854630981 0.00000000100000000000 0.00129128356601853635 0.00000000100000000000 0.07468799562944801462 
0.00000000100000000000 0.20677919595281976650 0.13213050440336882030 0.52596627447928190335 0.07547282989205190973 0.00067564877071543173 0.00321348743937287240 0.00000000100000000000 0.05576205706238938908 
0.00000013101244415856 0.23425659980209881383 0.06699596611591598916 0.51020220369386692916 0.09618602493685687871 0.00802969344138729571 0.00037720071115519518 0.00000000100000000000 0.08395217928627471404 
0.01760164437193315751 0.21529095612848919705 0.08012148016291117947 0.54844889581671230072 0.07576258151882503400 0.00000000100000000000 0.01261650570302115006 0.00161425504629756234 0.04854368025181043933 
0.00041163249630220549 0.21360152682599600760 0.09243342018678397942 0.54537816494351942787 0.09080330297713375132 0.00206838515399274201 0.00000000100000000000 0.00282351765024948208 0.05248004876602245516 
0.00124138787263790187 0.21461210225384702577 0.09458675191432230900 0.55742931760380332040 0.08344153377460171439 0.00624173407533336680 0.00451397691904315522 0.00000000100000000000 0.03793319458641128405 
0.00857092835145932368 0.24352795026994172867 0.08095198437841730210 0.56752287018372782335 0.08204758863781359823 0.01152207332054144655 0.00169803785943673999 0.00415583340947181090 0.00000273358919032307 
0.00000000100000000000 0.20175027530577047119 0.10185048983407207768 0.52002494686119216105 0.09071569753674885161 0.01827757751580720222 0.00513566064456964181 0.00624896405818045446 0.05599638724365903208 
0.00599345416352119187 0.27683827644895803166 0.07391729565583061989 0.51066747098404041694 0.08114434712984779086 0.00000000100000000000 0.01381994302080674988 0.00000000100000000000 0.03761921059699534220 
0.01127486292088702644 0.04089154165181509148 0.05985734947903708497 0.58767759469040281584 0.12428985187005474333 0.00646291111945655576 0.01478541304249112245 0.00840536842470969783 0.14635510680114585669 
0.03008582213427340307 0.02083386566048063895 0.07023152079730628217 0.56437599645464020526 0.09903884499639441230 0.00256129001703899904 0.03039622465608864121 0.00906711489078971568 0.17340932039298773137 
0.00392209423157861749 0.02622598112988572608 0.07493084258952527332 0.59238705561422777546 0.10232835499213620289 0.00000000100000000000 0.02335982012078866021 0.00903115760868127004 0.16781469271317650538 
0.01577063007776351861 0.01241922210544465013 0.07144040124178355211 0.57877481546888742692 0.11259324677335302844 0.01432014638447561862 0.01245269120500502001 0.00066465718691896233 0.18156418955636813295 
0.00000000100000000000 0.03032415023440055563 0.07359794912968641023 0.57780809215223216668 0.11699038945516317123 0.01617366610320461820 0.03556644885869909151 0.01048744817771072625 0.13905185488890323131 
0.00000000100000000000 0.00292085191550767133 0.07671362138886904380 0.59021734424777938521 0.12919573393038499831 0.02826454641738716106 0.00175678233893613060 0.00955307020636415871 0.16137804855477141941 
0.00526894526489068982 0.01151882335751801788 0.09777499000329364920 0.54486318538229383535 0.10935471510430548603 0.00843597376923202642 0.02465708592068592553 0.00543934202348895970 0.19268693917429138840 
0.00000126607155086312 0.02482621213529557364 0.07082057620805966291 0.54462736460929805915 0.11508691168332556287 0.01944821094539621320 0.02696444946426126976 0.00612136321561779911 0.19210364566719487223 
0.00000743460383163941 0.03443139253394178478 0.07651403459723980782 0.56875501183768872870 0.13770912524616552020 0.01534400970335006963 0.02025307125815640347 0.00000000100000000000 0.14698591921962617102 
0.01261361374838099354 0.01590776141568857327 0.09246856816528933876 0.55072459962959696700 0.11292964782148029457 0.00922861392670271986 0.02597258443528676491 0.00301106205045162953 0.17714354880712271378 
0.00592996291305552311 0.01332076724578951966 0.08066408724808657449 0.57310945556608383633 0.12402379288378993782 0.00811995397524821298 0.01710573315212129616 0.00521700498133681814 0.17250924203448825267 
0.00000002078866480674 0.04355804553688574082 0.07316814948523180095 0.63184920661628940497 0.09821934644890786825 0.00822993650188997422 0.01191242280662677989 0.00589889223203691592 0.12716397958346686847 
0.01120398080197200323 0.03152503056901573286 0.06132967785709864117 0.57616397476142577894 0.11977507198219347617 0.01346837068745906224 0.02689324271985061784 0.00000000100000000000 0.15964064962098473144 
0.01047562024185751811 0.02356974226878682036 0.07891385352586265112 0.56186387063886267246 0.11475444835812656508 0.01740758606733943531 0.01407420681737123376 0.00000000100000000000 0.17894067108179323444 
0.00000000100000000000 0.01379541731765116137 0.07055721251856567067 0.54774454314524079201 0.09312706958335882634 0.00609093578482146347 0.02732895835004421625 0.01194000563180297632 0.22941585666851477265 
0.00000002885911654206 0.01444330139912033267 0.08534702270469365915 0.57619765150765778206 0.10588400685423586534 0.01482428559828940021 0.02893324014280839254 0.00228790289346123693 0.17208256004061681099 
0.00457079589236759117 0.02318348226902692058 0.07735010325276400756 0.55956720172497398380 0.11954316175560171509 0.01510119589043430223 0.01531431557151415219 0.00000000100000000000 0.18536974264331729234 
0.00481019653432549887 0.00991505316819341412 0.07458885844777292384 0.55990474905703491171 0.11446953597905958067 0.01359005814880030923 0.02473785423824838292 0.00774540838958921209 0.19023828603697573447 
0.00443354213762398898 0.00719961779123517651 0.06493831923085473246 0.57567505938472041116 0.10898634092780136451 0.02562987080459422015 0.04210614958289621290 0.01146543101038034751 0.15956566912989361695 
0.00867838617972991298 0.01194917387967342481 0.07744088729104861568 0.58206890612117923034 0.12852401879186725608 0.00960509249542102796 0.03606490890420820800 0.00085158692141314900 0.14481703941545917558 
0.00000000099999999997 0.00000000099999999997 0.00000000099999999997 0.44747231440293422366 0.00000000099999999997 0.00000000099999999997 0.00000000099999999997 0.00000000099999999997 0.55252767859706553022 
0.00000000099999999997 0.00000000099999999997 0.00000000099999999997 0.44540162741999661522 0.00000000099999999997 0.00000000099999999997 0.00000000099999999997 0.00000000099999999997 0.55459836558000319418 
0.00000000099999999998 0.00000000099999999998 0.00000000099999999998 0.44958162151839942133 0.00000000099999999998 0.00000000099999999998 0.00000000099999999998 0.00000000712644877245 0.55041836535515165085 
0.00000000099999999997 0.00000000099999999997 0.00000000099999999997 0.47061084570757205636 0.00000000099999999997 0.00000000099999999997 0.00000000099999999997 0.00000000099999999997 0.52938914729242780854 
0.00000000099999999997 0.00000000099999999997 0.00000000099999999997 0.44280402350522424237 0.00000000099999999997 0.00000000099999999997 0.00000000099999999997 0.00000000099999999997 0.55719596949477545600 
0.00000000099999999996 0.00000000099999999996 0.00000000099999999996 0.44258551367382226172 0.00000000099999999996 0.00000000099999999996 0.00000000099999999996 0.00000000099999999996 0.55741447932617760319 
0.00000000099999999997 0.00000000099999999997 0.00000000099999999997 0.42188936508548624538 0.00000000099999999997 0.00000000099999999997 0.00000000099999999997 0.00000000099999999997 0.57811062791451373055 
0.00000000099999999996 0.00000000099999999996 0.00000000099999999996 0.45039264906640302799 0.00029480120630173180 0.00000000099999999996 0.00000000099999999996 0.00000000099999999996 0.54931254372729509949 
0.00000000099999999998 0.00000000099999999998 0.00000000099999999998 0.43662995027736456466 0.00000000099999999998 0.00000000099999999998 0.00000000099999999998 0.00000000099999999998 0.56337004272263524474 
0.00000000099999999997 0.00000000099999999997 0.00000000099999999997 0.44168921649084835757 0.00000000099999999997 0.00000000099999999997 0.00000000099999999997 0.00000000099999999997 0.55831077650915150734 
0.00000000099999999969 0.00000000099999999969 0.00000000099999999969 0.00000000099999999969 0.99999999200000011523 0.00000000099999999969 0.00000000099999999969 0.00000000099999999969 0.00000000099999999969 
0.00000000099999999980 0.00000000099999999980 0.00000000099999999980 0.00000000099999999980 0.99999999200000000421 0.00000000099999999980 0.00000000099999999980 0.00000000099999999980 0.00000000099999999980 
0.00000000099999999977 0.00000000099999999977 0.00000000099999999977 0.00000000099999999977 0.99999999200000011523 0.00000000099999999977 0.00000000099999999977 0.00000000099999999977 0.00000000099999999977 
0.00000000099999999977 0.00000000099999999977 0.00000000099999999977 0.00000000099999999977 0.99999999200000000421 0.00000000099999999977 0.00000000099999999977 0.00000000099999999977 0.00000000099999999977 
0.00000000099999999973 0.00000000099999999973 0.00000000099999999973 0.00000000099999999973 0.99999999200000011523 0.00000000099999999973 0.00000000099999999973 0.00000000099999999973 0.00000000099999999973 
0.00000000099999999983 0.00000000099999999983 0.00000000099999999983 0.00000000099999999983 0.99999999200000011523 0.00000000099999999983 0.00000000099999999983 0.00000000099999999983 0.00000000099999999983 
0.00000000099999999979 0.00000000099999999979 0.00000000099999999979 0.00000000099999999979 0.99999999200000011523 0.00000000099999999979 0.00000000099999999979 0.00000000099999999979 0.00000000099999999979 
0.00000000099999999968 0.00000000099999999968 0.00000000099999999968 0.00000000099999999968 0.99999999200000011523 0.00000000099999999968 0.00000000099999999968 0.00000000099999999968 0.00000000099999999968 
0.00000000099999999981 0.00000000099999999981 0.00000000099999999981 0.00000000099999999981 0.99999999200000000421 0.00000000099999999981 0.00000000099999999981 0.00000000099999999981 0.00000000099999999981 
0.00000000099999999971 0.00000000099999999971 0.00000000099999999971 0.00000000099999999971 0.99999999200000000421 0.00000000099999999971 0.00000000099999999971 0.00000000099999999971 0.00000000099999999971 
0.00000000100000000000 0.00000000100000000000 0.05027668800874799532 0.65968131731924750660 0.11203074443591141962 0.00877378474471216321 0.00000000100000000000 0.00391757995355296231 0.16531988253782778364 
0.00000000099999999999 0.00000000099999999999 0.04727784397720277004 0.65827547208545411639 0.13638011965083410293 0.00000000099999999999 0.00536212944707711078 0.00000000099999999999 0.15270443083943199825 
0.00000000099999999999 0.00000000099999999999 0.05351659513742649393 0.67169837789083608470 0.10341953463614306230 0.01473522147419277159 0.00000000099999999999 0.00000000099999999999 0.15663026686140182897 
0.00000000099999999999 0.00620977950683935988 0.06284649245856077648 0.68053826215447899006 0.10110832414622868136 0.00000000099999999999 0.01101392011541313908 0.00000000099999999999 0.13828321861847900354 
0.00000000100000000000 0.00106006395897079208 0.05582043120917386941 0.66755941576821686834 0.12688770597854337474 0.00749770880360550729 0.00000000100000000000 0.00002357903837495680 0.14115109324311470029 
0.00000000099999999999 0.01026330378690206747 0.06105576011850769730 0.71222480734892845700 0.12044488687727070153 0.00000000099999999999 0.00000000099999999999 0.00000000099999999999 0.09601123786839106666 
0.00000000099999999999 0.01827197100230217378 0.06507230715355837025 0.69426833987478786536 0.10949046650329348485 0.00000000099999999999 0.00000000099999999999 0.00565547959617327539 0.10724143286988493950 
0.00000000100000000000 0.00795512512131183250 0.02344846993436428342 0.66156228525033022869 0.11310243839518108189 0.01136803816551606484 0.00000000100000000000 0.00000000100000000000 0.18256364013329637319 
0.00000000099999999999 0.02267466828313567662 0.05619440779966691085 0.67935932829957612622 0.09184745013336326203 0.01186846358935677095 0.00000000099999999999 0.00000000099999999999 0.13805567889490130695 
0.00000000099999999999 0.03043387311850569502 0.04976519585629651798 0.68163940102047604341 0.09998285744516374751 0.00000000099999999999 0.00000000099999999999 0.00000000099999999999 0.13817866855955809879 
0.00098783158999285665 0.02789523780039072573 0.04544698348016960182 0.70499653475673151881 0.11132013626931093475 0.00000000099999999999 0.00000000099999999999 0.00000000099999999999 0.10935327310340450802 
0.00351424662147799575 0.00951017135762519117 0.02537553795845301149 0.71638627247582387092 0.09243240288537013516 0.02320587685558644572 0.00000611726277838957 0.00000000447995908291 0.12956937010292587931 
0.00000000100000000000 0.02278381654785379892 0.04867859599042387297 0.67489176573605791365 0.08382190146922278984 0.02026956212734626339 0.01143380627398219405 0.00000000100000000000 0.13812054985511323935 
0.00000000100000000000 0.02191088038508449617 0.06651652419397646732 0.69717476650169318830 0.10670821064260629929 0.01052668883096704450 0.01307452453479408458 0.00000000100000000000 0.08408840291087824048 
0.00501723240255425376 0.03593301598743173925 0.03446614473760069991 0.71527312985806246193 0.08578414522090702099 0.00000000100000000000 0.00000000100000000000 0.00000000100000000000 0.12352632879344407901 
0.00000000099999999999 0.00541704315455513244 0.04922056367125856452 0.68173370630396834535 0.08229725823374994809 0.02504004133268971505 0.00712545489055069724 0.00000000099999999999 0.14916593041322762092 
0.00000000100000000000 0.00000000100000000000 0.05664059540215898164 0.69328498330014620699 0.10611775552461745475 0.00000004942946277282 0.00000014374579300183 0.00159501817261331093 0.14236145242520828469 
0.00000000100000000000 0.00001505237510238218 0.05607020237771818960 0.68136376282716171193 0.08872267019209986727 0.00000000100000000000 0.00781070765315007229 0.00000000100000000000 0.16601760157476777580 
0.00633429617939441653 0.00609542589792561908 0.03729190664521309095 0.69913872963311296527 0.09399013607327021125 0.00000000099999999999 0.00344201357856939666 0.00000000099999999999 0.15370748999251437894 
0.00000000099999999999 0.00000000099999999999 0.02839280941498082897 0.77059928015614187480 0.09329909278185591348 0.00000000099999999999 0.00000000099999999999 0.00000000099999999999 0.10770881264702163171 
0.00000000100000000000 0.00000000100000000000 0.01517025627574022234 0.74652337674610302898 0.09479090940990238245 0.00357695612696853080 0.00000000100000000000 0.00000000100000000000 0.13993849744128578072 
0.00003404899679537166 0.00175385415529860384 0.05303940581026359014 0.74152205369840717974 0.10488139374158664263 0.00000000100000000000 0.00136672473476082807 0.00000000100000000000 0.09740251686288775579 
0.00000000099999999999 0.00000000099999999999 0.03852810078541110683 0.68780896400935720436 0.10038885763676415330 0.00000000099999999999 0.00000000099999999999 0.00000000099999999999 0.17327407256846769079 
0.00000000100000000000 0.00000000100000000000 0.04879531144711658774 0.72069758718249521401 0.08138195738740731933 0.00079872625468643452 0.00000000579648225271 0.00000000100000000000 0.14832640893181214814 
0.00000000099999999999 0.00000000099999999999 0.03405775510364276309 0.71268088435870946551 0.10351610678867576021 0.00000000099999999999 0.01146179302279996988 0.00000000099999999999 0.13828345672617206596 
0.01217668024276983424 0.01019182339844259405 0.05276440877127971246 0.71274845634303063413 0.07284155116696287846 0.00000000100000000000 0.01436429992923096352 0.00816378391558411284 0.11674899523269929857 
0.00049813475225503193 0.00259467688363553342 0.02377085816475635327 0.73277626738129131301 0.08550604566323125044 0.00000000100000000000 0.00408119540520113580 0.00000000100000000000 0.15077281974962949973 
0.00000000099999999999 0.00000156092081064267 0.03140351706828933831 0.72092352964917039149 0.09885404775228393004 0.00000000099999999999 0.00000000099999999999 0.00000000099999999999 0.14881734060944590281 
0.01489865141294854749 0.01102933315740623095 0.02812636658824712102 0.70304948475450768086 0.09049957104945877129 0.00000000100000000000 0.01743079549143502702 0.00161055266553562521 0.13335524388046104960 
0.00000000099999999999 0.00000000099999999999 0.00540040859682137248 0.79797271998291396944 0.09905292261367618090 0.00000000099999999999 0.00000000099999999999 0.00000000099999999999 0.09757394380658863942 
0.00000000099999999999 0.00000000099999999999 0.03596672282292181361 0.82729654001879426861 0.09085140837634510247 0.00000000099999999999 0.00000000099999999999 0.00000000099999999999 0.04588532378193901917 
0.00000000099999999999 0.00000000099999999999 0.01025068300239107000 0.76727136537417883755 0.09714059516319259457 0.00373872279832066640 0.00000000099999999999 0.00412936651899453982 0.11746926414292238605 
0.00197682280767354354 0.00278705024857470868 0.05483229948619215005 0.73637857302294917883 0.07485956936087870273 0.00000000100000000000 0.01281623134108270459 0.00020621264096557656 0.11614324009168357221 
0.00210242930089013210 0.00496807047433388705 0.03928191055259964287 0.71321676260566446715 0.09418152113219681321 0.01652511260424284131 0.00002536974380668586 0.00000000100000000000 0.12969882258626563853 
0.00144044470953234968 0.00000000100000000000 0.03512019769967995170 0.73557350784622466122 0.09514773313549308720 0.00000000100000000000 0.00000000100000000000 0.00151125901212334252 0.13120685459694667041 
0.00917543521738806156 0.00000001287276043262 0.04291413555936464397 0.71176458124072983225 0.09807739379453701833 0.00165910333777341090 0.00000000100000000000 0.00066627825365397344 0.13574305872379283100 
0.00000000099999999999 0.00029249343636596306 0.01610637323320147224 0.83220818399117157949 0.07834065648185965791 0.00000000099999999999 0.00000000099999999999 0.00000000099999999999 0.07305228885740144840 
0.00000000099999999999 0.00404067154903508911 0.01979389004690794429 0.71622710574477133072 0.08468406051212827579 0.00000000099999999999 0.00000000099999999999 0.00000000099999999999 0.17525426814715749924 
0.00000000099999999997 0.00000000099999999997 0.00000000099999999997 0.99999999200000000421 0.00000000099999999997 0.00000000099999999997 0.00000000099999999997 0.00000000099999999997 0.00000000099999999997 
0.00000000099999999998 0.00000000099999999998 0.00000000099999999998 0.99999999200000000421 0.00000000099999999998 0.00000000099999999998 0.00000000099999999998 0.00000000099999999998 0.00000000099999999998 
0.00000000099999999995 0.00000000099999999995 0.00000000099999999995 0.99999999200000000421 0.00000000099999999995 0.00000000099999999995 0.00000000099999999995 0.00000000099999999995 0.00000000099999999995 
0.00000000099999999996 0.00000000099999999996 0.00000000099999999996 0.99999999200000011523 0.00000000099999999996 0.00000000099999999996 0.00000000099999999996 0.00000000099999999996 0.00000000099999999996 
0.00000000099999999997 0.00000000099999999997 0.00000000099999999997 0.99999999200000011523 0.00000000099999999997 0.00000000099999999997 0.00000000099999999997 0.00000000099999999997 0.00000000099999999997 
0.00000000099999999992 0.00000000099999999992 0.00000000099999999992 0.99999999200000000421 0.00000000099999999992 0.00000000099999999992 0.00000000099999999992 0.00000000099999999992 0.00000000099999999992 
0.00000000099999999993 0.00000000099999999993 0.00000000099999999993 0.99999999200000011523 0.00000000099999999993 0.00000000099999999993 0.00000000099999999993 0.00000000099999999993 0.00000000099999999993 
0.00000000099999999995 0.00000000099999999995 0.00000000099999999995 0.99999999200000000421 0.00000000099999999995 0.00000000099999999995 0.00000000099999999995 0.00000000099999999995 0.00000000099999999995 
0.00000000099999999996 0.00000000099999999996 0.00000000099999999996 0.99999999200000011523 0.00000000099999999996 0.00000000099999999996 0.00000000099999999996 0.00000000099999999996 0.00000000099999999996 
0.00000000099999999992 0.00000000099999999992 0.00000000099999999992 0.99999999200000000421 0.00000000099999999992 0.00000000099999999992 0.00000000099999999992 0.00000000099999999992 0.00000000099999999992 
0.00000000099999999996 0.00000000099999999996 0.00000000099999999996 0.99999999200000000421 0.00000000099999999996 0.00000000099999999996 0.00000000099999999996 0.00000000099999999996 0.00000000099999999996 
0.00000000099999999996 0.00000000099999999996 0.00000000099999999996 0.99999999200000011523 0.00000000099999999996 0.00000000099999999996 0.00000000099999999996 0.00000000099999999996 0.00000000099999999996 
0.00000000099999999998 0.00000000099999999998 0.00000000099999999998 0.99999983562530447845 0.00000015737469551237 0.00000000099999999998 0.00000000099999999998 0.00000000099999999998 0.00000000099999999998 
0.00000000099999999998 0.00000000099999999998 0.00000981721659605447 0.99999017578340398948 0.00000000099999999998 0.00000000099999999998 0.00000000099999999998 0.00000000099999999998 0.00000000099999999998 
0.00000000099999999997 0.00000000099999999997 0.00000000099999999997 0.99999999200000011523 0.00000000099999999997 0.00000000099999999997 0.00000000099999999997 0.00000000099999999997 0.00000000099999999997 
0.00000000099999999994 0.00000000099999999994 0.00000000099999999994 0.99999999200000000421 0.00000000099999999994 0.00000000099999999994 0.00000000099999999994 0.00000000099999999994 0.00000000099999999994 
0.00000000099999999995 0.00000000099999999995 0.00000000099999999995 0.99999999200000011523 0.00000000099999999995 0.00000000099999999995 0.00000000099999999995 0.00000000099999999995 0.00000000099999999995 
0.00000000099999999994 0.00000000099999999994 0.00000000099999999994 0.99999999200000011523 0.00000000099999999994 0.00000000099999999994 0.00000000099999999994 0.00000000099999999994 0.00000000099999999994 
0.00000000099999999995 0.00000000099999999995 0.00000000099999999995 0.99999999200000000421 0.00000000099999999995 0.00000000099999999995 0.00000000099999999995 0.00000000099999999995 0.00000000099999999995 
0.00000000099999999994 0.00000000099999999994 0.00000000099999999994 0.99999999200000000421 0.00000000099999999994 0.00000000099999999994 0.00000000099999999994 0.00000000099999999994 0.00000000099999999994 
0.00000000099999999984 0.00000000099999999984 0.99999999200000000421 0.00000000099999999984 0.00000000099999999984 0.00000000099999999984 0.00000000099999999984 0.00000000099999999984 0.00000000099999999984 
0.00000000099999999993 0.00000000099999999993 0.99999999200000000421 0.00000000099999999993 0.00000000099999999993 0.00000000099999999993 0.00000000099999999993 0.00000000099999999993 0.00000000099999999993 
0.00000000099999999991 0.00000000099999999991 0.99999999200000000421 0.00000000099999999991 0.00000000099999999991 0.00000000099999999991 0.00000000099999999991 0.00000000099999999991 0.00000000099999999991 
0.00000000099999999980 0.00000000099999999980 0.99999999200000011523 0.00000000099999999980 0.00000000099999999980 0.00000000099999999980 0.00000000099999999980 0.00000000099999999980 0.00000000099999999980 
0.00000000099999999989 0.00000000099999999989 0.99999999200000011523 0.00000000099999999989 0.00000000099999999989 0.00000000099999999989 0.00000000099999999989 0.00000000099999999989 0.00000000099999999989 
0.00000000099999999984 0.00000000099999999984 0.99999999200000011523 0.00000000099999999984 0.00000000099999999984 0.00000000099999999984 0.00000000099999999984 0.00000000099999999984 0.00000000099999999984 
0.00000000099999999987 0.00000000099999999987 0.99999999200000000421 0.00000000099999999987 0.00000000099999999987 0.00000000099999999987 0.00000000099999999987 0.00000000099999999987 0.00000000099999999987 
0.00000000099999999984 0.00000000099999999984 0.99999999200000000421 0.00000000099999999984 0.00000000099999999984 0.00000000099999999984 0.00000000099999999984 0.00000000099999999984 0.00000000099999999984 
0.00000000099999999992 0.00000000099999999992 0.99999999200000000421 0.00000000099999999992 0.00000000099999999992 0.00000000099999999992 0.00000000099999999992 0.00000000099999999992 0.00000000099999999992 
0.00000000099999999988 0.00000000099999999988 0.99999999200000011523 0.00000000099999999988 0.00000000099999999988 0.00000000099999999988 0.00000000099999999988 0.00000000099999999988 0.00000000099999999988 
0.00000000099999999988 0.00000000099999999988 0.99999999200000000421 0.00000000099999999988 0.00000000099999999988 0.00000000099999999988 0.00000000099999999988 0.00000000099999999988 0.00000000099999999988 
0.00000000099999999982 0.00000000099999999982 0.99999999200000011523 0.00000000099999999982 0.00000000099999999982 0.00000000099999999982 0.00000000099999999982 0.00000000099999999982 0.00000000099999999982 
0.00000000099999999983 0.00000000099999999983 0.99999999200000011523 0.00000000099999999983 0.00000000099999999983 0.00000000099999999983 0.00000000099999999983 0.00000000099999999983 0.00000000099999999983 
0.00000000099999999979 0.00000000099999999979 0.99999999200000011523 0.00000000099999999979 0.00000000099999999979 0.00000000099999999979 0.00000000099999999979 0.00000000099999999979 0.00000000099999999979 
0.00000000099999999988 0.00000000099999999988 0.99999999200000000421 0.00000000099999999988 0.00000000099999999988 0.00000000099999999988 0.00000000099999999988 0.00000000099999999988 0.00000000099999999988 
0.00000000099999999975 0.00000000099999999975 0.99999999200000000421 0.00000000099999999975 0.00000000099999999975 0.00000000099999999975 0.00000000099999999975 0.00000000099999999975 0.00000000099999999975 
0.00000000099999999988 0.00000000099999999988 0.99999999200000000421 0.00000000099999999988 0.00000000099999999988 0.00000000099999999988 0.00000000099999999988 0.00000000099999999988 0.00000000099999999988 
0.00000000099999999976 0.00000000099999999976 0.99999999200000011523 0.00000000099999999976 0.00000000099999999976 0.00000000099999999976 0.00000000099999999976 0.00000000099999999976 0.00000000099999999976 
0.00000000099999999988 0.00000000099999999988 0.99999999200000000421 0.00000000099999999988 0.00000000099999999988 0.00000000099999999988 0.00000000099999999988 0.00000000099999999988 0.00000000099999999988 
0.00000000099999999987 0.00000000099999999987 0.99999999200000011523 0.00000000099999999987 0.00000000099999999987 0.00000000099999999987 0.00000000099999999987 0.00000000099999999987 0.00000000099999999987 
0.01479711370990027634 0.05193512252081716740 0.08893891742778919918 0.55845712393949031860 0.10662461437679417176 0.01952082714240439137 0.02198589757435404080 0.00000000100000000000 0.13774038230845056519 
0.01288033221325930212 0.05010665810697281092 0.07214427728587181898 0.57159739961734012947 0.09631612414495151209 0.01095503736016440778 0.00000018988166549063 0.00000000584848630925 0.18599997554128802624 
0.00000000100000000000 0.02852528932322167393 0.08502654689466600246 0.57288657494241324031 0.08067643966425584734 0.01069722611725339514 0.00401888602078712652 0.00000000100000000000 0.21816903503740275871 
0.00000000100000000000 0.06247912013169341916 0.08819315317016235278 0.59452345770822245807 0.09437870735953812762 0.00000000100000000000 0.00371288021734332389 0.00003444267151221237 0.15667823674152805968 
0.00000000099999999999 0.04630896810816369225 0.08889564866853207070 0.59746844335371152024 0.08686566176433183073 0.00837801943165332984 0.00000000099999999999 0.00000000099999999999 0.17208325567360768793 
0.00198884034201826264 0.03110519836296321908 0.05536023887681149058 0.56433242976819297798 0.09441273732838177668 0.01631546924080504862 0.02121062936147254455 0.00000186304132665674 0.21527259367802809020 
0.00635579005959973926 0.03997342938958802633 0.07716094057611869172 0.61206491645412652858 0.09126450213880439588 0.00641306098506724560 0.00000000100000000000 0.00024251361405096448 0.16652484578264456494 
0.00957148728527665998 0.01764247054263453490 0.08939354959910374154 0.53612499892936460455 0.08952937147464641587 0.01662912063652459763 0.03329322442681786898 0.00000000100000000000 0.20781577610563167768 
0.02003542949316172370 0.02565924390267590102 0.07824036739797374240 0.59018851304209163366 0.08358078574279999284 0.02669199668617064716 0.01471608234684144631 0.00000000100000000000 0.16088758038828490649 
0.01388962042620246924 0.02690163470985064073 0.07604259522638277813 0.57129583226040936417 0.10480380546851211787 0.00478429707612152821 0.01528906312633134326 0.00073544336706690629 0.18625770833912291824 
0.00000000099999999968 0.00000000099999999968 0.00000000099999999968 0.00000000099999999968 0.00000000099999999968 0.00000000099999999968 0.00000000099999999968 0.99999999199999989319 0.00000000099999999968 
0.00000000099999999962 0.00000000099999999962 0.00000000099999999962 0.00000000099999999962 0.00000000099999999962 0.00000000099999999962 0.00000000099999999962 0.99999999200000000421 0.00000000099999999962 
0.00000000099999999966 0.00000000099999999966 0.00000000099999999966 0.00000000099999999966 0.00000000099999999966 0.00000000099999999966 0.00000000099999999966 0.99999999200000000421 0.00000000099999999966 
0.00000000099999999965 0.00000000099999999965 0.00000000099999999965 0.00000000099999999965 0.00000000099999999965 0.00000000099999999965 0.00000000099999999965 0.99999999200000000421 0.00000000099999999965 
0.00000000099999999961 0.00000000099999999961 0.00000000099999999961 0.00000000099999999961 0.00000000099999999961 0.00000000099999999961 0.00000000099999999961 0.99999999200000000421 0.00000000099999999961 
0.00000000099999999955 0.00000000099999999955 0.00000000099999999955 0.00000000099999999955 0.00000000099999999955 0.00000000099999999955 0.00000000099999999955 0.99999999199999989319 0.00000000099999999955 
0.00000000099999999962 0.00000000099999999962 0.00000000099999999962 0.00000000099999999962 0.00000000099999999962 0.00000000099999999962 0.00000000099999999962 0.99999999200000000421 0.00000000099999999962 
0.00000000099999999971 0.00000000099999999971 0.00000000099999999971 0.00000000099999999971 0.00000000099999999971 0.00000000099999999971 0.00000000099999999971 0.99999999199999989319 0.00000000099999999971 
0.00000000099999999957 0.00000000099999999957 0.00000000099999999957 0.00000000099999999957 0.00000000099999999957 0.00000000099999999957 0.00000000099999999957 0.99999999199999989319 0.00000000099999999957 
0.00000000099999999966 0.00000000099999999966 0.00000000099999999966 0.00000000099999999966 0.00000000099999999966 0.00000000099999999966 0.00000000099999999966 0.99999999200000000421 0.00000000099999999966 
0.00000000099999999960 0.00000000099999999960 0.00000000099999999960 0.00000000099999999960 0.00000000099999999960 0.00000000099999999960 0.00000000099999999960 0.99999999199999989319 0.00000000099999999960 
0.00000000099999999959 0.00000000099999999959 0.00000000099999999959 0.00000000099999999959 0.00000000099999999959 0.00000000099999999959 0.00000000099999999959 0.99999999200000000421 0.00000000099999999959 
0.00000000099999999961 0.00000000099999999961 0.00000000099999999961 0.00000000099999999961 0.00000000099999999961 0.00000000099999999961 0.00000000099999999961 0.99999999200000000421 0.00000000099999999961 
0.00000000099999999963 0.00000000099999999963 0.00000000099999999963 0.00000000099999999963 0.00000000099999999963 0.00000000099999999963 0.00000000099999999963 0.99999999200000000421 0.00000000099999999963 
0.00000000099999999963 0.00000000099999999963 0.00000000099999999963 0.00000000099999999963 0.00000000099999999963 0.00000000099999999963 0.00000000099999999963 0.99999999200000000421 0.00000000099999999963 
0.00000000099999999958 0.00000000099999999958 0.00000000099999999958 0.00000000099999999958 0.00000000099999999958 0.00000000099999999958 0.00000000099999999958 0.99999999199999989319 0.00000000099999999958 
0.00000000099999999968 0.00000000099999999968 0.00000000099999999968 0.00000000099999999968 0.00000000099999999968 0.00000000099999999968 0.00000000099999999968 0.99999999199999989319 0.00000000099999999968 
