0.09166562446383572094 0.00000000099999999993 0.90833436953616442100 0.00000000099999999993 0.00000000099999999993 0.00000000099999999993 0.00000000099999999993 0.00000000099999999993 
0.08609987378294955973 0.00000000099999999993 0.91390012021705047118 0.00000000099999999993 0.00000000099999999993 0.00000000099999999993 0.00000000099999999993 0.00000000099999999993 
0.10852549955642112889 0.00000000099999999993 0.89147449444357895754 0.00000000099999999993 0.00000000099999999993 0.00000000099999999993 0.00000000099999999993 0.00000000099999999993 
0.10261141712893859235 0.00000000099999999997 0.89738857687106143857 0.00000000099999999997 0.00000000099999999997 0.00000000099999999997 0.00000000099999999997 0.00000000099999999997 
0.06796786049662162377 0.00000000099999999985 0.93203213350337854592 0.00000000099999999985 0.00000000099999999985 0.00000000099999999985 0.00000000099999999985 0.00000000099999999985 
0.11954440193071877441 0.00000000099999999998 0.88045559206928136753 0.00000000099999999998 0.00000000099999999998 0.00000000099999999998 0.00000000099999999998 0.00000000099999999998 
0.15346362557192594345 0.00000429128868933920 0.79228656269446240401 0.00000000099999999999 0.00000000099999999999 0.00000000099999999999 0.05424551644492246749 0.00000000099999999999 
0.99999999300000019797 0.00000000099999999977 0.00000000099999999977 0.00000000099999999977 0.00000000099999999977 0.00000000099999999977 0.00000000099999999977 0.00000000099999999977 
0.99999999300000008695 0.00000000099999999980 0.00000000099999999980 0.00000000099999999980 0.00000000099999999980 0.00000000099999999980 0.00000000099999999980 0.00000000099999999980 
0.99999999300000008695 0.00000000099999999981 0.00000000099999999981 0.00000000099999999981 0.00000000099999999981 0.00000000099999999981 0.00000000099999999981 0.00000000099999999981 
0.99999999300000008695 0.00000000099999999980 0.00000000099999999980 0.00000000099999999980 0.00000000099999999980 0.00000000099999999980 0.00000000099999999980 0.00000000099999999980 
0.99999999300000019797 0.00000000099999999979 0.00000000099999999979 0.00000000099999999979 0.00000000099999999979 0.00000000099999999979 0.00000000099999999979 0.00000000099999999979 
0.99999999300000008695 0.00000000099999999981 0.00000000099999999981 0.00000000099999999981 0.00000000099999999981 0.00000000099999999981 0.00000000099999999981 0.00000000099999999981 
0.99999999300000019797 0.00000000099999999984 0.00000000099999999984 0.00000000099999999984 0.00000000099999999984 0.00000000099999999984 0.00000000099999999984 0.00000000099999999984 
0.99999999300000019797 0.00000000099999999980 0.00000000099999999980 0.00000000099999999980 0.00000000099999999980 0.00000000099999999980 0.00000000099999999980 0.00000000099999999980 
0.99999999300000019797 0.00000000099999999976 0.00000000099999999976 0.00000000099999999976 0.00000000099999999976 0.00000000099999999976 0.00000000099999999976 0.00000000099999999976 
0.99999999300000019797 0.00000000099999999983 0.00000000099999999983 0.00000000099999999983 0.00000000099999999983 0.00000000099999999983 0.00000000099999999983 0.00000000099999999983 
0.99999999300000019797 0.00000000099999999981 0.00000000099999999981 0.00000000099999999981 0.00000000099999999981 0.00000000099999999981 0.00000000099999999981 0.00000000099999999981 
0.99999999300000008695 0.00000000099999999981 0.00000000099999999981 0.00000000099999999981 0.00000000099999999981 0.00000000099999999981 0.00000000099999999981 0.00000000099999999981 
0.99999999300000019797 0.00000000099999999978 0.00000000099999999978 0.00000000099999999978 0.00000000099999999978 0.00000000099999999978 0.00000000099999999978 0.00000000099999999978 
0.99999999300000008695 0.00000000099999999982 0.00000000099999999982 0.00000000099999999982 0.00000000099999999982 0.00000000099999999982 0.00000000099999999982 0.00000000099999999982 
0.99999999300000019797 0.00000000099999999980 0.00000000099999999980 0.00000000099999999980 0.00000000099999999980 0.00000000099999999980 0.00000000099999999980 0.00000000099999999980 
0.99999999300000008695 0.00000000099999999982 0.00000000099999999982 0.00000000099999999982 0.00000000099999999982 0.00000000099999999982 0.00000000099999999982 0.00000000099999999982 
0.99999999300000008695 0.00000000099999999980 0.00000000099999999980 0.00000000099999999980 0.00000000099999999980 0.00000000099999999980 0.00000000099999999980 0.00000000099999999980 
0.99999999300000019797 0.00000000099999999976 0.00000000099999999976 0.00000000099999999976 0.00000000099999999976 0.00000000099999999976 0.00000000099999999976 0.00000000099999999976 
0.99999999300000008695 0.00000000099999999980 0.00000000099999999980 0.00000000099999999980 0.00000000099999999980 0.00000000099999999980 0.00000000099999999980 0.00000000099999999980 
0.99999999300000019797 0.00000000099999999990 0.00000000099999999990 0.00000000099999999990 0.00000000099999999990 0.00000000099999999990 0.00000000099999999990 0.00000000099999999990 
0.20579680474667530476 0.00284296688697892319 0.08554630826403315791 0.05942651514278676772 0.01546063892817116023 0.01272363905658844239 0.61820312597476623218 0.00000000100000000000 
0.21983526866053962334 0.00000005725779228191 0.09120810171812862577 0.04966768080251413725 0.00006409063716047678 0.00000000100000000000 0.63922479892386463440 0.00000000100000000000 
0.20057443410128189543 0.00227595884237786128 0.10160826396040388564 0.07344857239899373058 0.00000000100000000000 0.00596714023994816649 0.60747534829839144876 0.00865028115860312120 
0.20841589813286923172 0.00000000099999999999 0.08728735674334613115 0.05659333013556333558 0.00000000099999999999 0.00510389740773365547 0.64259951458048758521 0.00000000099999999999 
0.22826699574953510097 0.00000000100000000000 0.09276695130731051064 0.05171154679103315277 0.01142999336728491716 0.00000000100000000000 0.61582450475592220851 0.00000000602891406116 
0.21907811232687562919 0.00064177967489651095 0.07116059517878157992 0.03600845181967728126 0.00000000099999999999 0.00000000099999999999 0.67311105799976889141 0.00000000099999999999 
0.23441259024105437492 0.00377985160786790475 0.08054350609870025712 0.07044820991171998892 0.00095868755713069363 0.00620293140540478793 0.60291978367797882665 0.00073443950014314297 
0.23676556151138941630 0.00000112160590460784 0.09686151404807638587 0.04989803613419933892 0.00664302060450014994 0.00000000100000000000 0.60311276879479214230 0.00671797630113788249 
0.22110381532700124074 0.00000000100000000000 0.08921456442722418279 0.06274610226952131997 0.01166499553510192029 0.00055644780985231776 0.61370258412873812670 0.00101148950256076185 
0.22530377519624919525 0.00000000099999999999 0.06680513817035135804 0.06058861919696949955 0.00000000099999999999 0.00000820844360676087 0.64729425599282319759 0.00000000099999999999 
0.24390775089027885714 0.00000000100000000000 0.08629043233625559306 0.08233961830601188581 0.00000005040709528659 0.00000386326405356133 0.58640295000749720344 0.00105533378880756168 
0.21579862800470731021 0.00000000100000000000 0.09351071258096257943 0.11329781086694629133 0.00131087337240687980 0.00000164320182276151 0.56828382006298239215 0.00779651091017194431 
0.20373289258973301119 0.00000000100000000000 0.13714097002993655416 0.09830181695489233207 0.00258128654065431463 0.00101273870198374761 0.55723029318280004052 0.00000000100000000000 
0.23219427921849036811 0.00000000100000000000 0.07045895547724280450 0.12300238939934912685 0.00023508841831308463 0.00815004205109559968 0.56595432020503566584 0.00000492423047342875 
0.21242110246896211967 0.00130895436459527279 0.08314291465785705881 0.09301963377164101932 0.01257627066828256868 0.00000000100000000000 0.58170090834324472695 0.01583021472541724928 
0.21024998560442653694 0.00192851149856883351 0.09681271802140857530 0.09912110866867926418 0.00000103825322933788 0.00019997255661611830 0.59168336170316482292 0.00000330369390652420 
0.21199294574542901226 0.00000000100000000000 0.09899423336980153754 0.08207675084152767087 0.00487092715568133907 0.00576748233879784567 0.59595290676424228504 0.00034475278452023370 
0.23886244827600941476 0.00198519359002354229 0.08379399863181923036 0.06496600009171356327 0.00107429139578057347 0.00917258452325648600 0.59462331612967911365 0.00552216736171806406 
0.19810881068927924109 0.00596869195946233590 0.10561041029581527684 0.09550585237340561418 0.00526801295420368902 0.01703346113561091113 0.57250114408431351798 0.00000361650790938631 
0.27390825211248326365 0.00000072439528202308 0.07921545571091330451 0.07986929384172351820 0.01406514962252499064 0.00000000538530916199 0.54822460157617691756 0.00471651735558688452 
0.03902809959619363972 0.00833934642517524839 0.06346358431650989118 0.18804187044866146894 0.01484471796228519803 0.00530933860769879085 0.67000289197875873004 0.01097015066471699121 
0.01979341499926909331 0.00873027106037188409 0.07392181122992291797 0.21777390290588638511 0.03004952692393032809 0.00234764322524079602 0.61828479892368481963 0.02909863073169376146 
0.02458887527318720512 0.00914640522866525495 0.07914322233857942757 0.21241855366747058875 0.02403671644208119421 0.00000000100000000000 0.64764707806364885112 0.00301914798636743068 
0.01199191961056567286 0.00041625401069007189 0.07518950920473729815 0.22054414655483484120 0.01361174290733893968 0.01322841753819834799 0.64923525863145292725 0.01578275154218200527 
0.02830847549251417142 0.01036890157558704659 0.07705362033165415181 0.17862267001432144409 0.03509496977141125101 0.01516327238670787080 0.65538807987392289078 0.00000001055388110798 
0.00183720533303188263 0.00905290648775699223 0.08106954393593758523 0.20494493725814055818 0.00182409140468170776 0.02807319792513372075 0.67319808183611062891 0.00000003581920689753 
0.00997182747494515694 0.00528096145451084804 0.10195024027110508036 0.23277332868275960043 0.02448250355076213997 0.00798155383327333982 0.61234837157441679434 0.00521121315822693169 
0.02355546444967322739 0.00598824166305143759 0.07449857039326157615 0.23510043934072805127 0.02598930632187746240 0.01886354017395667007 0.61598533764513452304 0.00001910001231711528 
0.03245403831945479350 0.00000000165481259495 0.07935301154046128791 0.18638157624330989326 0.02013800559608584437 0.01450403588411987126 0.66710192948605528951 0.00006740127570047187 
0.01470558391454443101 0.00263155828937217421 0.09551911552569657127 0.21329996035889198236 0.02671453416472150538 0.00919992192421360301 0.62582816200953683694 0.01210116381302275834 
0.01270979327947192004 0.00505845591918532411 0.08436886246065561368 0.21713877285643778947 0.01598323798694886375 0.00695013930148178933 0.65294551487766883113 0.00484522331814998992 
0.04093251311431662237 0.00605664094168695960 0.07764544794562379393 0.17609022363646784082 0.01143056762603021984 0.00649507866606409152 0.68134679729351954602 0.00000273077629101364 
0.03024899733164718163 0.00000000100000000000 0.06626665841615107799 0.20796915660659168190 0.02660426127403996491 0.01287965605473642000 0.64557969290901806581 0.01045157640781564645 
0.02271854636777382447 0.00000000100000000000 0.08340336121863328733 0.22125421504107448123 0.01416135932262523739 0.01646712073777553340 0.63215973742673070568 0.00983565888538696746 
0.01326765156875921864 0.01200359848785727789 0.07422883937800903165 0.27248242011831330656 0.02808119429386078322 0.00601317953010520583 0.59392310677244353201 0.00000000985065161423 
0.01265839493999450747 0.00207893805886541928 0.08993875948646706808 0.22093113667411146128 0.02892751390596859373 0.01393923921717801946 0.63152379959822291244 0.00000221811919216260 
0.02280110169644217546 0.00000000100000000000 0.08110554686646295752 0.22803677187612775290 0.01574570243801418079 0.01441541339632138562 0.63421495692126172994 0.00368050580536988074 
0.00934656807931726064 0.00756578873759480505 0.07919704320946345522 0.22944283536433182635 0.02542216626750292210 0.01356637409011188233 0.63095003737431365476 0.00450918687736415018 
0.00560645616365192979 0.01128790716199058568 0.06870127458654391728 0.21027093086028977864 0.04224808583124602113 0.02351377622803272824 0.63553183733400231414 0.00283973183424282355 
0.00981421860340919022 0.00068121431750791978 0.08101778211550722530 0.19346044956875982357 0.03503265367007811493 0.00818895564801614545 0.66389130711159027864 0.00791341896513128064 
0.00000000099999999997 0.00000000099999999997 0.00000000099999999997 0.75051795721716296761 0.00000000099999999997 0.00000000099999999997 0.24948203678283698004 0.00000000099999999997 
0.00000000099999999996 0.00000000099999999996 0.00000000099999999996 0.75717002100351382676 0.00000000099999999996 0.00000000099999999996 0.24282997299648620415 0.00000000099999999996 
0.00000000099999999997 0.00000000099999999997 0.00000000099999999997 0.74822911352750798297 0.00000000099999999997 0.00000000099999999997 0.25177088047249202019 0.00000000099999999997 
0.00000000099999999997 0.00000000099999999997 0.00276921331050854810 0.73512413660619857492 0.00000000099999999997 0.00000000099999999997 0.26210664508329295508 0.00000000099999999997 
0.00000000099999999996 0.00000000099999999996 0.00019380688652622164 0.76130118416069236797 0.00000000099999999996 0.00000000099999999996 0.23850500395278134702 0.00000000099999999996 
0.00000000099999999996 0.00000000099999999996 0.00000000099999999996 0.76431597827424013758 0.00000000099999999996 0.00000000099999999996 0.23568401572575986558 0.00000000099999999996 
0.00000000099999999996 0.00000000099999999996 0.00000000099999999996 0.78166937875726705265 0.00000000099999999996 0.00000000099999999996 0.21833061524273286724 0.00000000099999999996 
0.00000000099999999995 0.00000000099999999995 0.00000000099999999995 0.74505289283028131031 0.00000000099999999995 0.00000000099999999995 0.25494710116971858183 0.00000000099999999995 
0.00000000099999999997 0.00000000099999999997 0.00769710298873713897 0.75097208030091755493 0.00000000099999999997 0.00000000099999999997 0.24133081171034528878 0.00000000099999999997 
0.00000000099999999996 0.00000000099999999996 0.00000000099999999996 0.75583079779593187464 0.00000000099999999996 0.00000000099999999996 0.24416919620406798974 0.00000000099999999996 
0.00000000099999999995 0.00000000099999999995 0.00000000099999999995 0.00000000099999999995 0.00000000099999999995 0.00000000099999999995 0.99999999299999997593 0.00000000099999999995 
0.00000000099999999997 0.00000000099999999997 0.00000000099999999997 0.00000000099999999997 0.00000000099999999997 0.00000000099999999997 0.99999999299999997593 0.00000000099999999997 
0.00000000099999999996 0.00000000099999999996 0.00000000099999999996 0.00000000099999999996 0.00000000099999999996 0.00000000099999999996 0.99999999299999997593 0.00000000099999999996 
0.00000000099999999996 0.00000000099999999996 0.00000000099999999996 0.00000000099999999996 0.00000000099999999996 0.00000000099999999996 0.99999999299999997593 0.00000000099999999996 
0.00000000099999999996 0.00000000099999999996 0.00000000099999999996 0.00000000099999999996 0.00000000099999999996 0.00000000099999999996 0.99999999299999986491 0.00000000099999999996 
0.00000000099999999997 0.00000000099999999997 0.00000000099999999997 0.00000000099999999997 0.00000000099999999997 0.00000000099999999997 0.99999999299999997593 0.00000000099999999997 
0.00000000099999999996 0.00000000099999999996 0.00000000099999999996 0.00000000099999999996 0.00000000099999999996 0.00000000099999999996 0.99999999299999997593 0.00000000099999999996 
0.00000000099999999994 0.00000000099999999994 0.00000000099999999994 0.00000000099999999994 0.00000000099999999994 0.00000000099999999994 0.99999999299999997593 0.00000000099999999994 
0.00000000099999999997 0.00000000099999999997 0.00000000099999999997 0.00000000099999999997 0.00000000099999999997 0.00000000099999999997 0.99999999299999997593 0.00000000099999999997 
0.00000000099999999995 0.00000000099999999995 0.00000000099999999995 0.00000000099999999995 0.00000000099999999995 0.00000000099999999995 0.99999999299999997593 0.00000000099999999995 
0.00000030113100384563 0.00382225721968084504 0.05528994899369394506 0.21538858980589600800 0.00000298464148970314 0.00783020941535852652 0.71766570779287708337 0.00000000100000000000 
0.00000000099999999999 0.00000000099999999999 0.05222280155006353564 0.20434231480153000615 0.00369377571730176513 0.00000000194838004293 0.73974110298272455211 0.00000000099999999999 
0.00000010004247067574 0.00000000099999999999 0.05704479760897163826 0.21629893501929223221 0.00000000449417658343 0.01187649409654575709 0.71477966673854298474 0.00000000099999999999 
0.00421721159196443603 0.00000000099999999999 0.06699247268735351868 0.19826626080022174969 0.00952968313351262343 0.00000000099999999999 0.72099436878694744824 0.00000000099999999999 
0.00025330011368132963 0.00002566471633545534 0.06033990267951171854 0.18914996410132678406 0.00000000100000000000 0.00696067276368699840 0.74327049362545760669 0.00000000100000000000 
0.00844381515069644699 0.00000000099999999999 0.06539968907687621069 0.15200035967623345967 0.00000000099999999999 0.00000000099999999999 0.77415613209619382751 0.00000000099999999999 
0.01632755879581544722 0.00566999422284228827 0.06950761059742355252 0.16555014273038473616 0.00000000099999999999 0.00000000099999999999 0.74294469065353396786 0.00000000099999999999 
0.00704495383588027001 0.00000000100000000000 0.02726050212977814899 0.23447177372600513934 0.00000442545864661892 0.01026047430335123682 0.72095786854633836516 0.00000000100000000000 
0.02207215254296749501 0.00000000099999999999 0.06031978801544789909 0.18536421372967160082 0.00000027157359915870 0.01281711335912297939 0.71942645877919086939 0.00000000099999999999 
0.03044989079264467588 0.00000000099999999999 0.05504594729885028959 0.18989446650693572738 0.00000575986291584565 0.00000000099999999999 0.72460393253865340579 0.00000000099999999999 
0.02584418629513644122 0.00000000099999999999 0.05037237688485488724 0.15843884930404597555 0.00000000099999999999 0.00000000099999999999 0.76451496749758263149 0.00082961701838000070 
0.00936660000901911108 0.00005376427825452310 0.03301567264718645311 0.17170833092308529499 0.00120402580585439391 0.02387825834645359094 0.75766669419362298044 0.00310665379652361098 
0.02001521724108412670 0.00000223429807661427 0.05580504542555880798 0.18443651395587637443 0.01288489144353903264 0.01994909987810401797 0.70680612417956045768 0.00010087357820057639 
0.01963195485417778066 0.00000000099999999999 0.07283390217074296735 0.13322116077047885252 0.01312684187194813890 0.00963644098974783536 0.75154969734290444361 0.00000000099999999999 
0.03349645342584898350 0.00000000100000000000 0.03906157575943040861 0.18097404387882423671 0.00000000162835962577 0.00000000935942134155 0.74305943396364249054 0.00340848098447300721 
0.00397593209729655856 0.00000000099999999999 0.05406013754936486726 0.19533867685654068835 0.00892162179748474601 0.02590123538265336200 0.71180239431665970340 0.00000000099999999999 
0.00000057332250670247 0.00156977369529610737 0.06208377731540910133 0.18789656201760893128 0.00045855134295270207 0.00054248098717340164 0.74744828031905308219 0.00000000100000000000 
0.00062654324254001793 0.00000000100000000000 0.06068823328914257909 0.21181866801012289026 0.00891923535271422520 0.00000000935090480261 0.71794725762793620838 0.00000005212663918062 
0.00400414511668970453 0.00000000099999999999 0.04431582918309252134 0.20838258525533778776 0.00566203622303176196 0.00000000099999999999 0.73352573932003428681 0.00410966290181388489 
0.00000000099999999999 0.00000000099999999999 0.03684289029238714541 0.17285359391437951637 0.00000001135183093751 0.00000000099999999999 0.79030350044140229571 0.00000000099999999999 
0.00000013294151151907 0.00000043626609212507 0.02359256637576288493 0.19980726925626884904 0.00000001076651489676 0.00115336177366605580 0.77544622162018361777 0.00000000100000000000 
0.00050401944238964074 0.00000000100000000000 0.06221494738019393844 0.16282281466574857753 0.00015621845903174560 0.00000000100000000000 0.77430157871546312354 0.00000041933717303263 
0.00000000099999999999 0.00000000099999999999 0.04584438638862223248 0.22427327065628871461 0.00000000099999999999 0.00000000119861425899 0.72988233775647470836 0.00000000099999999999 
0.00000000100000000000 0.00000000100000000000 0.05616563092894534537 0.21410595753708566713 0.00000230816656912302 0.00016909968594119577 0.72955700068145845627 0.00000000100000000000 
0.00000000099999999999 0.00000000099999999999 0.04279232384216938301 0.19252375756483935954 0.00951470426838756621 0.00000000099999999999 0.75516921032460360141 0.00000000099999999999 
0.00629902664128379180 0.00898221690048451107 0.06203373164948475932 0.17958720736017763642 0.01192631126107292217 0.00000000261249980588 0.71900835978709265461 0.01216314378790391698 
0.00011764025291568117 0.00000000100000000000 0.03168888434215532540 0.20932098734497453507 0.00614900881791380187 0.00000000100000000000 0.75272261496024561733 0.00000086228179513862 
0.00031761841820395447 0.00000000099999999999 0.03981717026674388982 0.20333103310055755664 0.00000000099999999999 0.00000000099999999999 0.75653417421449453695 0.00000000099999999999 
0.00860181805202963126 0.00173919094835787969 0.03662371840373045834 0.18676378621201483732 0.01899075030708681153 0.00000000100000000000 0.73390002498089446092 0.01338071009588598717 
0.00000000099999999999 0.00000000392662687084 0.01526392467736514477 0.16636910487293160577 0.00000000099999999999 0.00000000099999999999 0.81836696252307639110 0.00000000099999999999 
0.00000000099999999999 0.00000000099999999999 0.04703305618217541034 0.12183917283806983134 0.00000000099999999999 0.00000000099999999999 0.83112776597975457360 0.00000000099999999999 
0.00000000099999999999 0.00507700245700908916 0.02377167788645764834 0.18092206426921805806 0.00000000099999999999 0.00363245942751186206 0.78659679295980322600 0.00000000099999999999 
0.00019977922557435661 0.00140057320153337138 0.06296943281321767949 0.16879987337060564645 0.01249017420957483117 0.00000041484285931380 0.75209056352719072525 0.00204918880944402913 
0.00233807412016014777 0.00000000100000000000 0.04863718656060565110 0.19243144311537546676 0.00000783611062798551 0.01779810535534265964 0.73845958759313756747 0.00032776614475057042 
0.00000001712301659480 0.00082732372600040501 0.04360775032991433958 0.19181364435216002873 0.00000001491495103308 0.00000000100000000000 0.76372038866208025176 0.00003085989187745141 
0.00000236580466441702 0.00047462508221243906 0.05056202697446390837 0.19290598751139523270 0.00000000108413752385 0.00131355859738222446 0.74670958590705927005 0.00803184903868490140 
0.00000060755249030227 0.00000000099999999999 0.02914780749023526338 0.15385623966480344027 0.00000000099999999999 0.00000000099999999999 0.81699534129247097791 0.00000000099999999999 
0.00275989942585838253 0.00000000099999999999 0.02920460005849112584 0.23718149781013217470 0.00000000099999999999 0.00000000227373078254 0.73085399743178747212 0.00000000099999999999 
0.00046567879316333544 0.00000000099999999999 0.00000000099999999999 0.00000000099999999999 0.00000000099999999999 0.00000000099999999999 0.99896491099018558391 0.00056940521665123736 
0.00000000099999999999 0.00000000099999999999 0.00541238921212116794 0.00000000099999999999 0.00000000099999999999 0.00000000099999999999 0.99458760478787888726 0.00000000099999999999 
0.00000000099999999997 0.00000000099999999997 0.00000000099999999997 0.00000000099999999997 0.00000000099999999997 0.00000000099999999997 0.99999999299999997593 0.00000000099999999997 
0.00000000099999999998 0.00000000099999999998 0.00000000099999999998 0.00000000099999999998 0.00000000099999999998 0.00000000099999999998 0.99999999299999986491 0.00000000099999999998 
0.00489491452495169344 0.00000000099999999999 0.00705501837188863678 0.00000000099999999999 0.00000000099999999999 0.00000000099999999999 0.98798517019859799504 0.00006489290456159936 
0.00000000099999999995 0.00000000099999999995 0.00000000099999999995 0.00000000099999999995 0.00000000099999999995 0.00000000099999999995 0.99999999299999986491 0.00000000099999999995 
0.00000000099999999995 0.00000000099999999995 0.00000000099999999995 0.00000000099999999995 0.00000000099999999995 0.00000000099999999995 0.99999999299999997593 0.00000000099999999995 
0.00000000099999999997 0.00000000099999999997 0.00000000099999999997 0.00000000099999999997 0.00000000099999999997 0.00000000099999999997 0.99999999299999986491 0.00000000099999999997 
0.00000000099999999998 0.00000000099999999998 0.00000000099999999998 0.00000000099999999998 0.01635716501590646701 0.00000000099999999998 0.98364282898409349798 0.00000000099999999998 
0.00000000099999999995 0.00000000099999999995 0.00000000099999999995 0.00000000099999999995 0.00000000099999999995 0.00000000099999999995 0.99999999299999986491 0.00000000099999999995 
0.00000000099999999999 0.00000000099999999999 0.00000000099999999999 0.00000000099999999999 0.00000000099999999999 0.00000000099999999999 0.99795429823117209889 0.00204569576882789256 
0.00000000465362065728 0.00000000099999999998 0.00000000099999999998 0.00000000099999999998 0.00000000099999999998 0.00000000099999999998 0.99999998934637923664 0.00000000099999999998 
0.00010571991409656704 0.00000000099999999999 0.00000000099999999999 0.00000007536015433274 0.00471734112125480904 0.00000000099999999999 0.99517685960449420168 0.00000000099999999999 
0.00739866949515369243 0.00000000100000000000 0.01397197616517971419 0.00000001847116430133 0.00000000221044523677 0.00000000100000000000 0.97862933065805712829 0.00000000100000000000 
0.00000000099999999998 0.00000000099999999998 0.01049268710529074888 0.00000000099999999998 0.00000000099999999998 0.00000000099999999998 0.98950730689470922652 0.00000000099999999998 
0.00000000099999999996 0.00000000099999999996 0.00000000099999999996 0.00000000099999999996 0.00000000099999999996 0.00000000099999999996 0.99999999299999986491 0.00000000099999999996 
0.00000000099999999997 0.00000000099999999997 0.00000000172593477582 0.00000000099999999997 0.00000000099999999997 0.00000000099999999997 0.99999999227406510816 0.00000000099999999997 
0.00000000099999999996 0.00000000099999999996 0.00000000099999999996 0.00000000099999999996 0.00000000099999999996 0.00000000099999999996 0.99999999299999997593 0.00000000099999999996 
0.00245277979953469581 0.00000000099999999998 0.00000001016191631838 0.00000000099999999998 0.00000000099999999998 0.00000000099999999998 0.99754720503854898972 0.00000000099999999998 
0.00000000099999999997 0.00000000099999999997 0.00000000099999999997 0.00000000099999999997 0.00000000099999999997 0.00000000099999999997 0.99999999299999997593 0.00000000099999999997 
0.00000000099999999985 0.00000000099999999985 0.99999999300000008695 0.00000000099999999985 0.00000000099999999985 0.00000000099999999985 0.00000000099999999985 0.00000000099999999985 
0.00000000099999999993 0.00000000099999999993 0.99999999299999997593 0.00000000099999999993 0.00000000099999999993 0.00000000099999999993 0.00000000099999999993 0.00000000099999999993 
0.00000000099999999992 0.00000000099999999992 0.99999999300000008695 0.00000000099999999992 0.00000000099999999992 0.00000000099999999992 0.00000000099999999992 0.00000000099999999992 
0.00000000099999999982 0.00000000099999999982 0.99999999299999997593 0.00000000099999999982 0.00000000099999999982 0.00000000099999999982 0.00000000099999999982 0.00000000099999999982 
0.00000000099999999990 0.00000000099999999990 0.99999999299999997593 0.00000000099999999990 0.00000000099999999990 0.00000000099999999990 0.00000000099999999990 0.00000000099999999990 
0.00000000099999999985 0.00000000099999999985 0.99999999299999997593 0.00000000099999999985 0.00000000099999999985 0.00000000099999999985 0.00000000099999999985 0.00000000099999999985 
0.00000000099999999988 0.00000000099999999988 0.99999999299999997593 0.00000000099999999988 0.00000000099999999988 0.00000000099999999988 0.00000000099999999988 0.00000000099999999988 
0.00000000099999999986 0.00000000099999999986 0.99999999300000008695 0.00000000099999999986 0.00000000099999999986 0.00000000099999999986 0.00000000099999999986 0.00000000099999999986 
0.00000000099999999993 0.00000000099999999993 0.99999999300000008695 0.00000000099999999993 0.00000000099999999993 0.00000000099999999993 0.00000000099999999993 0.00000000099999999993 
0.00000000099999999990 0.00000000099999999990 0.99999999299999997593 0.00000000099999999990 0.00000000099999999990 0.00000000099999999990 0.00000000099999999990 0.00000000099999999990 
0.00000000099999999990 0.00000000099999999990 0.99999999300000008695 0.00000000099999999990 0.00000000099999999990 0.00000000099999999990 0.00000000099999999990 0.00000000099999999990 
0.00000000099999999984 0.00000000099999999984 0.99999999299999997593 0.00000000099999999984 0.00000000099999999984 0.00000000099999999984 0.00000000099999999984 0.00000000099999999984 
0.00000000099999999985 0.00000000099999999985 0.99999999300000008695 0.00000000099999999985 0.00000000099999999985 0.00000000099999999985 0.00000000099999999985 0.00000000099999999985 
0.00000000099999999981 0.00000000099999999981 0.99999999300000008695 0.00000000099999999981 0.00000000099999999981 0.00000000099999999981 0.00000000099999999981 0.00000000099999999981 
0.00000000099999999989 0.00000000099999999989 0.99999999300000008695 0.00000000099999999989 0.00000000099999999989 0.00000000099999999989 0.00000000099999999989 0.00000000099999999989 
0.00000000099999999978 0.00000000099999999978 0.99999999299999997593 0.00000000099999999978 0.00000000099999999978 0.00000000099999999978 0.00000000099999999978 0.00000000099999999978 
0.00000000099999999989 0.00000000099999999989 0.99999999299999997593 0.00000000099999999989 0.00000000099999999989 0.00000000099999999989 0.00000000099999999989 0.00000000099999999989 
0.00000000099999999979 0.00000000099999999979 0.99999999299999997593 0.00000000099999999979 0.00000000099999999979 0.00000000099999999979 0.00000000099999999979 0.00000000099999999979 
0.00000000099999999990 0.00000000099999999990 0.99999999299999997593 0.00000000099999999990 0.00000000099999999990 0.00000000099999999990 0.00000000099999999990 0.00000000099999999990 
0.00000000099999999989 0.00000000099999999989 0.99999999299999997593 0.00000000099999999989 0.00000000099999999989 0.00000000099999999989 0.00000000099999999989 0.00000000099999999989 
0.05112838830856301225 0.00000000100000000000 0.09337860374995060608 0.17609485989583956167 0.02206708910095134257 0.01830764164482051246 0.62471063623741307502 0.01431278006246196159 
0.04921702632601272775 0.00000736052988868511 0.07616224031302427921 0.22816203756437933303 0.00018195773192460662 0.01102174322585970125 0.62303293424997785444 0.01221470005893285186 
0.02792143210872369968 0.00000001276287933171 0.08965272760346296166 0.26464150467884511864 0.00571449020859637630 0.01026876582696244732 0.60180100930943547510 0.00000005750109465888 
0.06040489541324630535 0.00000107703228794258 0.09283927837081457080 0.20479198055666919531 0.00442283048929273132 0.00000000100000000000 0.63753993613768933368 0.00000000100000000000 
0.04487492929361151794 0.00000000100000000000 0.09322063990558175639 0.21513762624225302167 0.00001116870902517227 0.00828325241645366805 0.63847238143307483149 0.00000000100000000000 
0.03051652903674571468 0.00001482086826273184 0.06025961897930073169 0.25816587223601539236 0.02184546664298305657 0.01542858872814580930 0.61210561631702553598 0.00166348719152099780 
0.03796108798945499463 0.00001134616305158312 0.08226718001272284586 0.21621521136423399456 0.00000000100000000000 0.00577757257661090564 0.65183642380687056850 0.00593117708705514970 
0.01731486447849726190 0.00000000100000000000 0.09277348214880472288 0.24423291721674450505 0.03390219419599763834 0.01794579619206343457 0.58435311500546438523 0.00947762976242793979 
0.02543304615145184494 0.00000000100000000000 0.08262617450664062890 0.20381813027831136020 0.01536991539043048097 0.02588117857708987363 0.62845910101438140494 0.01841245308169446940 
0.02579042907305343496 0.00063576329560864424 0.08059076756326230551 0.23512399332740954727 0.01528490691176463863 0.00432229378808604483 0.62555625009092785671 0.01269559594988745564 
0.00000000099999999972 0.99999999300000008695 0.00000000099999999972 0.00000000099999999972 0.00000000099999999972 0.00000000099999999972 0.00000000099999999972 0.00000000099999999972 
0.00000000099999999966 0.99999999300000008695 0.00000000099999999966 0.00000000099999999966 0.00000000099999999966 0.00000000099999999966 0.00000000099999999966 0.00000000099999999966 
0.00000000099999999971 0.99999999300000008695 0.00000000099999999971 0.00000000099999999971 0.00000000099999999971 0.00000000099999999971 0.00000000099999999971 0.00000000099999999971 
0.00000000099999999970 0.99999999300000019797 0.00000000099999999970 0.00000000099999999970 0.00000000099999999970 0.00000000099999999970 0.00000000099999999970 0.00000000099999999970 
0.00000000099999999966 0.99999999300000019797 0.00000000099999999966 0.00000000099999999966 0.00000000099999999966 0.00000000099999999966 0.00000000099999999966 0.00000000099999999966 
0.00000000099999999961 0.99999999300000019797 0.00000000099999999961 0.00000000099999999961 0.00000000099999999961 0.00000000099999999961 0.00000000099999999961 0.00000000099999999961 
0.00000000099999999967 0.99999999300000019797 0.00000000099999999967 0.00000000099999999967 0.00000000099999999967 0.00000000099999999967 0.00000000099999999967 0.00000000099999999967 
0.00000000099999999974 0.99999999300000019797 0.00000000099999999974 0.00000000099999999974 0.00000000099999999974 0.00000000099999999974 0.00000000099999999974 0.00000000099999999974 
0.00000000099999999963 0.99999999300000008695 0.00000000099999999963 0.00000000099999999963 0.00000000099999999963 0.00000000099999999963 0.00000000099999999963 0.00000000099999999963 
0.00000000099999999970 0.99999999300000008695 0.00000000099999999970 0.00000000099999999970 0.00000000099999999970 0.00000000099999999970 0.00000000099999999970 0.00000000099999999970 
0.00000000099999999965 0.99999999300000019797 0.00000000099999999965 0.00000000099999999965 0.00000000099999999965 0.00000000099999999965 0.00000000099999999965 0.00000000099999999965 
0.00000000099999999964 0.99999999300000008695 0.00000000099999999964 0.00000000099999999964 0.00000000099999999964 0.00000000099999999964 0.00000000099999999964 0.00000000099999999964 
0.00000000099999999966 0.99999999300000008695 0.00000000099999999966 0.00000000099999999966 0.00000000099999999966 0.00000000099999999966 0.00000000099999999966 0.00000000099999999966 
0.00000000099999999968 0.99999999300000019797 0.00000000099999999968 0.00000000099999999968 0.00000000099999999968 0.00000000099999999968 0.00000000099999999968 0.00000000099999999968 
0.00000000099999999968 0.99999999300000008695 0.00000000099999999968 0.00000000099999999968 0.00000000099999999968 0.00000000099999999968 0.00000000099999999968 0.00000000099999999968 
0.00000000099999999964 0.99999999300000008695 0.00000000099999999964 0.00000000099999999964 0.00000000099999999964 0.00000000099999999964 0.00000000099999999964 0.00000000099999999964 
0.00000000099999999972 0.99999999300000008695 0.00000000099999999972 0.00000000099999999972 0.00000000099999999972 0.00000000099999999972 0.00000000099999999972 0.00000000099999999972 
0.00000000099999999975 0.99999999300000019797 0.00000000099999999975 0.00000000099999999975 0.00000000099999999975 0.00000000099999999975 0.00000000099999999975 0.00000000099999999975 
0.00000000099999999971 0.99999999300000008695 0.00000000099999999971 0.00000000099999999971 0.00000000099999999971 0.00000000099999999971 0.00000000099999999971 0.00000000099999999971 
0.00000000099999999966 0.99999999300000008695 0.00000000099999999966 0.00000000099999999966 0.00000000099999999966 0.00000000099999999966 0.00000000099999999966 0.00000000099999999966 
0.00000000099999999980 0.00000000099999999980 0.00000000099999999980 0.00000000099999999980 0.00000000099999999980 0.99999999299999997593 0.00000000099999999980 0.00000000099999999980 
0.00000000099999999986 0.00000000099999999986 0.00000000099999999986 0.00000000099999999986 0.00000000099999999986 0.99999999300000008695 0.00000000099999999986 0.00000000099999999986 
0.00000000099999999985 0.00000000099999999985 0.00000000099999999985 0.00000000099999999985 0.00000000099999999985 0.99999999300000008695 0.00000000099999999985 0.00000000099999999985 
0.00000000099999999985 0.00000000099999999985 0.00000000099999999985 0.00000000099999999985 0.00000000099999999985 0.99999999299999997593 0.00000000099999999985 0.00000000099999999985 
0.00000000099999999982 0.00000000099999999982 0.00000000099999999982 0.00000000099999999982 0.00000000099999999982 0.99999999300000008695 0.00000000099999999982 0.00000000099999999982 
0.00000000099999999984 0.00000000099999999984 0.00000000099999999984 0.00000000099999999984 0.00000000099999999984 0.99999999299999997593 0.00000000099999999984 0.00000000099999999984 
0.00000000099999999984 0.00000000099999999984 0.00000000099999999984 0.00000000099999999984 0.00000000099999999984 0.99999999299999997593 0.00000000099999999984 0.00000000099999999984 
0.00000000099999999982 0.00000000099999999982 0.00000000099999999982 0.00000000099999999982 0.00000000099999999982 0.99999999299999997593 0.00000000099999999982 0.00000000099999999982 
0.00000000099999999981 0.00000000099999999981 0.00000000099999999981 0.00000000099999999981 0.00000000099999999981 0.99999999300000008695 0.00000000099999999981 0.00000000099999999981 
0.00000000099999999982 0.00000000099999999982 0.00000000099999999982 0.00000000099999999982 0.00000000099999999982 0.99999999300000008695 0.00000000099999999982 0.00000000099999999982 
0.00000000099999999983 0.00000000099999999983 0.00000000099999999983 0.00000000099999999983 0.00000000099999999983 0.99999999299999997593 0.00000000099999999983 0.00000000099999999983 
0.00000000099999999988 0.00000000099999999988 0.00000000099999999988 0.00000000099999999988 0.00000000099999999988 0.99999999299999997593 0.00000000099999999988 0.00000000099999999988 
0.00000000099999999988 0.00000000099999999988 0.00000000099999999988 0.00000000099999999988 0.00000000099999999988 0.99999999299999997593 0.00000000099999999988 0.00000000099999999988 
0.00000000099999999985 0.00000000099999999985 0.00000000099999999985 0.00000000099999999985 0.00000000099999999985 0.99999999299999997593 0.00000000099999999985 0.00000000099999999985 
0.00000000099999999983 0.00000000099999999983 0.00000000099999999983 0.00000000099999999983 0.00000000099999999983 0.99999999299999997593 0.00000000099999999983 0.00000000099999999983 
0.00000000099999999984 0.00000000099999999984 0.00000000099999999984 0.00000000099999999984 0.00000000099999999984 0.99999999300000008695 0.00000000099999999984 0.00000000099999999984 
0.00000000099999999980 0.00000000099999999980 0.00000000099999999980 0.00000000099999999980 0.00000000099999999980 0.99999999299999997593 0.00000000099999999980 0.00000000099999999980 
0.00000000099999999979 0.00000000099999999979 0.00000000099999999979 0.00000000099999999979 0.00000000099999999979 0.99999999300000008695 0.00000000099999999979 0.00000000099999999979 
0.00000000099999999983 0.00000000099999999983 0.00000000099999999983 0.00000000099999999983 0.00000000099999999983 0.99999999300000008695 0.00000000099999999983 0.00000000099999999983 
0.00000000099999999983 0.00000000099999999983 0.00000000099999999983 0.00000000099999999983 0.00000000099999999983 0.99999999300000008695 0.00000000099999999983 0.00000000099999999983 
0.00000000099999999994 0.00000000099999999994 0.00000000099999999994 0.00000000099999999994 0.00000000099999999994 0.99999999299999997593 0.00000000099999999994 0.00000000099999999994 
