0.11453875508397143301 0.00000000099999999995 0.00000000099999999995 0.00000000099999999995 0.88546124091602851358 0.00000000099999999995 
0.10509508135995751510 0.00000000099999999995 0.00000000099999999995 0.00000000099999999995 0.89490491464004240374 0.00000000099999999995 
0.11575491712129497290 0.00000000099999999995 0.00000000099999999995 0.00000000099999999995 0.88424507887870484879 0.00000000099999999995 
0.13839451512058303928 0.00000000099999999998 0.00000000099999999998 0.00000000099999999998 0.86160548087941701834 0.00000000099999999998 
0.11611740442030778209 0.00000000099999999992 0.00000000099999999992 0.00000000099999999992 0.88388259157969206736 0.00000000099999999992 
0.15041893103613124261 0.00000000099999999998 0.00000000099999999998 0.00000000099999999998 0.84958106496386864848 0.00000000099999999998 
0.18080415344380063036 0.00000000099999999999 0.00000000099999999999 0.00000000099999999999 0.81919584255619937174 0.00000000099999999999 
0.99999999500000014141 0.00000000099999999983 0.00000000099999999983 0.00000000099999999983 0.00000000099999999983 0.00000000099999999983 
0.99999999500000003039 0.00000000099999999986 0.00000000099999999986 0.00000000099999999986 0.00000000099999999986 0.00000000099999999986 
0.99999999500000014141 0.00000000099999999986 0.00000000099999999986 0.00000000099999999986 0.00000000099999999986 0.00000000099999999986 
0.99999999500000014141 0.00000000099999999986 0.00000000099999999986 0.00000000099999999986 0.00000000099999999986 0.00000000099999999986 
0.99999999500000014141 0.00000000099999999985 0.00000000099999999985 0.00000000099999999985 0.00000000099999999985 0.00000000099999999985 
0.99999999500000003039 0.00000000099999999986 0.00000000099999999986 0.00000000099999999986 0.00000000099999999986 0.00000000099999999986 
0.99999999500000014141 0.00000000099999999988 0.00000000099999999988 0.00000000099999999988 0.00000000099999999988 0.00000000099999999988 
0.99999999500000003039 0.00000000099999999986 0.00000000099999999986 0.00000000099999999986 0.00000000099999999986 0.00000000099999999986 
0.99999999500000014141 0.00000000099999999983 0.00000000099999999983 0.00000000099999999983 0.00000000099999999983 0.00000000099999999983 
0.99999999500000003039 0.00000000099999999987 0.00000000099999999987 0.00000000099999999987 0.00000000099999999987 0.00000000099999999987 
0.99999999500000003039 0.00000000099999999986 0.00000000099999999986 0.00000000099999999986 0.00000000099999999986 0.00000000099999999986 
0.99999999500000014141 0.00000000099999999986 0.00000000099999999986 0.00000000099999999986 0.00000000099999999986 0.00000000099999999986 
0.99999999500000014141 0.00000000099999999984 0.00000000099999999984 0.00000000099999999984 0.00000000099999999984 0.00000000099999999984 
0.99999999500000003039 0.00000000099999999987 0.00000000099999999987 0.00000000099999999987 0.00000000099999999987 0.00000000099999999987 
0.99999999500000014141 0.00000000099999999986 0.00000000099999999986 0.00000000099999999986 0.00000000099999999986 0.00000000099999999986 
0.99999999500000003039 0.00000000099999999987 0.00000000099999999987 0.00000000099999999987 0.00000000099999999987 0.00000000099999999987 
0.99999999500000014141 0.00000000099999999985 0.00000000099999999985 0.00000000099999999985 0.00000000099999999985 0.00000000099999999985 
0.99999999500000003039 0.00000000099999999983 0.00000000099999999983 0.00000000099999999983 0.00000000099999999983 0.00000000099999999983 
0.99999999500000003039 0.00000000099999999985 0.00000000099999999985 0.00000000099999999985 0.00000000099999999985 0.00000000099999999985 
0.99999999500000003039 0.00000000099999999993 0.00000000099999999993 0.00000000099999999993 0.00000000099999999993 0.00000000099999999993 
0.22434398559261975459 0.00000000100000000000 0.02317488726434416627 0.00595101695131072458 0.60132503418458527200 0.14520507500714013860 
0.23933017866499398107 0.00353266118694410590 0.00509995026464768464 0.00023483692356610875 0.61811232978576591268 0.13369004317408217375 
0.21984932554218056255 0.01402788642247884687 0.02202837282885573150 0.00790581401546761042 0.61917198311379750830 0.11701661807721977504 
0.23030536513316743341 0.00000000100000000000 0.01882799003967684098 0.00000000100000000000 0.63712544748270516504 0.11374119534445061019 
0.24514018364041226250 0.00557138070936473093 0.00000012025093872984 0.00000000100000000000 0.61327145460656817821 0.13601685979271610494 
0.24198411714416009910 0.00000032294084110852 0.00000000100000000000 0.00699576473058194110 0.63317676026895164387 0.11784303391546539774 
0.25606337234109977086 0.00629409611591278534 0.01733715630927124690 0.00617357967914701575 0.58819906929909338000 0.12593272625547585752 
0.25580698546171709573 0.01239474604436762925 0.00068455478594487405 0.00286238207690807161 0.59996500506261096763 0.12828632656845129212 
0.24234984616965163373 0.00413948733654118453 0.01231474396181419899 0.00000000100000000000 0.61096134127939338843 0.13023458025259956883 
0.25032045665382968158 0.00000000108852117807 0.01455847812529901045 0.00000000100000000000 0.61893340880873737309 0.11618765432361286005 
0.26336670876783024875 0.00904408211554061370 0.01311517885085063465 0.00199453813896948101 0.58600597004468923945 0.12647352208211978808 
0.23928213475650988995 0.01627626467497833920 0.01018801921329821371 0.00066574426410357919 0.58836751965619915605 0.14522031743491087274 
0.22437139196355795900 0.00351713452157953856 0.01269852655410250858 0.00061333033845547712 0.62902023982424637438 0.12977937679805809368 
0.25347815353328190247 0.01093683056530073139 0.02609274075787477998 0.00000000100000000000 0.57229489454793969205 0.13719737959560288076 
0.23327077150142006001 0.02400655222093325825 0.00890412045081403689 0.00450712707688485145 0.58456356456314384484 0.14474786418680402056 
0.23055927654183927533 0.00958274088088192227 0.01758946628577444035 0.00304194248179936663 0.61170527196274304682 0.12752130184696205961 
0.23167753825507539367 0.00445497917770493277 0.01960821525457134840 0.00000000100000000000 0.62244595139654479432 0.12181331491610350448 
0.25636053650147938576 0.01005825436024444970 0.02334707118679502438 0.00515194371758431659 0.58007273823989868866 0.12500945599399826413 
0.21764935331035392685 0.00835404379495781509 0.02842477444758655103 0.00849184690459144596 0.60099936998300507174 0.13608061155950523791 
0.29221064883236225196 0.01205093003732685651 0.00980611182883716487 0.00354063016219394351 0.55134628430134557941 0.13104539483793417598 
0.06358602342618496772 0.02901071866091228107 0.03327606697524549545 0.01594041197724039086 0.66236878863541559515 0.19581799032500132873 
0.04368660215856081525 0.04564719425880314763 0.02997816410973552087 0.01676696986240287443 0.64239706513087813100 0.22152400447961953511 
0.05311014388834087857 0.02397499072245454568 0.01641619187392882873 0.01653576081816034507 0.67426894106978174648 0.21569397162733366935 
0.03833037227012490306 0.03384795431371654534 0.04272520011710898014 0.00731263150443293118 0.67128823805891346677 0.20649560373570313709 
0.05429606981250681419 0.00752593193509988427 0.03625438693352696362 0.01658498529131600258 0.66396962236686862813 0.22136900366068179569 
0.02698370736953802779 0.01306606213143613263 0.05685515221966958022 0.01624390076183922227 0.69114749963490484941 0.19570367788261217035 
0.03811960291368853004 0.02048923333984317696 0.03743427674966347263 0.01184883478726982478 0.67743020915271590088 0.21467784305681913981 
0.05300459059131234357 0.01535299282503162221 0.05011200880691424331 0.01186081614853802188 0.64883927726049794860 0.22083031436770581002 
0.05795874211312971452 0.01231368118091119394 0.03859125982299733970 0.00472763827560923871 0.68185532644287660808 0.20455335216447581570 
0.04158243184952988697 0.02630476814098963237 0.03453840898958424749 0.01070652799589676477 0.67411043787452507026 0.21275742514947448836 
0.03758274783963545806 0.01926555274969359369 0.03384113998147040420 0.01290289057317595134 0.68755414545919191216 0.20885352339683266321 
0.06906050462017281066 0.01071460061761841595 0.03114248888314419261 0.01356501432091789493 0.67399722519073690385 0.20152016636740974209 
0.05828018030159536761 0.02727981335457486251 0.03882424675421682764 0.00000000100000000000 0.65565384636288348563 0.21996191222672936694 
0.04850593935153709596 0.02395824381673188064 0.04236891082299221178 0.00000000100000000000 0.66971806506946096604 0.21544883993927790855 
0.04230703656043249133 0.01141409516219360314 0.03698328330789923263 0.02065049617180581693 0.65395401912242867581 0.23469106967524028251 
0.04206170303711953551 0.01311301315116299333 0.03666119240909454513 0.00916980120936777485 0.66702320761828592932 0.23197108257496917849 
0.04828711494609439631 0.02225222163101791065 0.04488065483501348790 0.00261956823472788000 0.67468662340013685341 0.20727381695300942099 
0.03591346951668949322 0.01876773604880585880 0.04327899533832887946 0.01496071814603381137 0.65977234795571415571 0.22730673299442782920 
0.03030722763600836658 0.02057939469352324663 0.05325054209055203602 0.01892115761351386913 0.64723110107944170633 0.22971057688696083776 
0.03300681053493988854 0.02261826288443910191 0.03861363738576588378 0.00696215081683919032 0.67272834932483749348 0.22607078905317837259 
0.01103271898579521668 0.02652824255333678660 0.05987537213868832781 0.00870391056140590487 0.57828708621270341617 0.31557266954807022818 
0.04292506392904815032 0.01785240097972007334 0.02913865337782562542 0.00340889437464167964 0.59188606175369529172 0.31478892558506910149 
0.04065302071022706965 0.01501040544952349058 0.02781529482594822036 0.02321296563276684100 0.58546176021736873185 0.30784655316416570381 
0.03364081027269849589 0.02226752593447878584 0.02055838894306603534 0.01540753866268929247 0.59629767822312962355 0.31182805796393792130 
0.03718551045024579005 0.01357612290495069374 0.03676527946835216748 0.00490799995958179653 0.58011462047861095392 0.32745046673825872752 
0.04471848122035133877 0.01894337363356990087 0.02955210023044943513 0.00671772112410303542 0.59267124910341373312 0.30739707468811250379 
0.02651528181323453345 0.01236651730434469749 0.03643551242062710582 0.01386956104166377213 0.59037188576580457156 0.32044124165432524842 
0.02504898824758563375 0.01411436575589031066 0.03862996053596940565 0.01116613696923392240 0.59269011284835759756 0.31835043564296322538 
0.04574363996270464083 0.01969339180679739731 0.02783367544615742914 0.01440231178762527327 0.58864815491186406327 0.30367882608485130547 
0.03502346841222542251 0.01959025567362877862 0.03134150719547076913 0.00591324109027848918 0.59448834644780423897 0.31364318118059220097 
0.01316488214422267301 0.00000335668038788096 0.00000000100000000000 0.00000000100000000000 0.80839481125422774088 0.17843694792116174264 
0.01722466316219925173 0.00000307330750468604 0.00000000100000000000 0.00662360711428336760 0.79204359078065533772 0.18410506463535725175 
0.02199150729489479997 0.00000000100000000000 0.00000028032590021302 0.00000000100000000000 0.79524910532399095686 0.18275910505521397731 
0.01516367380322729969 0.00000000100000000000 0.00000000100000000000 0.00000000855438612771 0.82216065651802250347 0.16267565912436410258 
0.00000000099999999999 0.00000000099999999999 0.00000000099999999999 0.00446530243993555932 0.82712267159631958080 0.16841202296374488401 
0.00000000105905088567 0.00871118313866669700 0.00973533585498927677 0.00197431048427262673 0.79977442195598158481 0.17980474750703878684 
0.02179074607012492296 0.00000001629325260564 0.00785279842720382551 0.00000000100000000000 0.80313481444786061214 0.16722162376155808028 
0.00000000100000000000 0.00000000100000000000 0.00000000100000000000 0.00000000100000000000 0.81685937142257525334 0.18314062457742477652 
0.01211396630636449312 0.01480528007217393749 0.00760856590192430116 0.00000000100000000000 0.79605517111096257832 0.16941701560857455600 
0.01226514768515518661 0.01033374341240718246 0.00000000100000000000 0.00000000100000000000 0.81572947863948230829 0.16167162826295541911 
0.02309716882392750387 0.01139998026475693392 0.04444980216333738882 0.01285906451130958313 0.69714059763020785887 0.21105338660646069671 
0.01928587132847682170 0.00344441311790962294 0.02900484845423217245 0.00561205028031474401 0.72205875670386077125 0.22059406011520585333 
0.02365391806516308273 0.00000000100000000000 0.05141323397307967502 0.00569879736817048999 0.71950994065237483532 0.19972410894121192526 
0.03834322630002427734 0.00673337979116670447 0.02368486877325794160 0.00000001672453017698 0.70945681629587786787 0.22178169211514300874 
0.02633986416689385393 0.00000070676723488694 0.03997825520306554081 0.00788247448193623614 0.72198847528464860090 0.20381022409622095992 
0.03700277302853540590 0.00000000103177475146 0.02567602353273609403 0.00000000100000000000 0.74614384871936245691 0.19117735268759139533 
0.04904737844851347894 0.00000000100000000000 0.01701032074886350484 0.00954722093644298948 0.74066750011578574853 0.18372757875039419373 
0.03881003456793721135 0.00850566789602823052 0.04757087503233348169 0.00691394672141248251 0.67808785592159637190 0.22011161986069230356 
0.05324833183201183734 0.00000000100000000000 0.04701740529998242601 0.00128411207236280023 0.70577997349553545092 0.19267017630010735418 
0.06321379779305263957 0.00016724953940906175 0.02840676495310538036 0.00000000100000000000 0.69468528944541763082 0.21352689726901533107 
0.05561092710500284420 0.01211048935074406953 0.01989802720966073191 0.00387418659518497200 0.71880189644163117180 0.18970447329777617718 
0.02938922185699641837 0.01639983872797784806 0.05223299365730962873 0.01065740013807026099 0.69259366659093157814 0.19872687902871427612 
0.04636962882239797912 0.01284877659980401127 0.04850277876800184601 0.00814295709036465080 0.67807740232044766415 0.20605845639898387467 
0.04497164673671044666 0.00000334549699676555 0.03494667575005879628 0.00000032329889134763 0.71018041768973738659 0.20989759102760538467 
0.06189690752377505906 0.01648619850978076673 0.02630063884704824523 0.00000000100000000000 0.69931385306933036006 0.19600240105006555558 
0.02999021803844016329 0.00000000100000000000 0.05898980421611614566 0.00000000100000000000 0.69626941561876920517 0.21475056012667453897 
0.02491718949265470801 0.00000000146601975493 0.03028156327174055112 0.01091114325375626588 0.73566551434746363380 0.19822458816836505124 
0.02868123335687318073 0.01490231166362998051 0.03019546021650762122 0.00228767480376132438 0.69991735766750196035 0.22401596229172590635 
0.03696288532782623232 0.02701452432814929056 0.01600289859827115288 0.00166132671327294730 0.69893836983492507731 0.21941999519755531201 
0.02210271973392471598 0.01872778924129147107 0.01372643419510148968 0.00000000100000000000 0.73780295505228288278 0.20764010077739958327 
0.02707382620195729339 0.00844593710470177388 0.03861891671323889469 0.00998316292450976417 0.70941410167364715722 0.20646405538194526064 
0.02848429025003419018 0.02044279221109223180 0.01161243748650266257 0.00584232655437100408 0.74279723040054590477 0.19082092309745393721 
0.02711524049851033250 0.01688924819967686092 0.02938520619196671735 0.00610055463556064426 0.71312325723374281328 0.20738649324054259093 
0.02463309336863044041 0.01068552315750102670 0.03483191062701520430 0.00569473265343767472 0.71416611496759629940 0.20998862522581940304 
0.02499178715182692398 0.01035063114864771643 0.02479086365045971713 0.00000000100000000000 0.71047546043476328403 0.22939125661430234682 
0.02978423148374530552 0.02427930761986470121 0.02176748980215290410 0.01738543550991255779 0.69664901658958833242 0.21013451899473634121 
0.02803375091904963118 0.01979227298543892108 0.02771207773626024884 0.00384742076443901366 0.69997937489346329087 0.22063510270134895075 
0.03061883757804894843 0.01595864302458121706 0.03331136952753357972 0.00668449967825104213 0.71084486071128982765 0.20258178948029537114 
0.03846218164888013519 0.03523465219781966168 0.01500871877051780483 0.01034213591316905136 0.68620727190196284528 0.21474503956765059187 
0.02149829362267913907 0.01663783094515486685 0.01294027633586638214 0.00766269544823074480 0.73550914227661745581 0.20575176137145148592 
0.01269640768002733115 0.00840633393023134008 0.02267431663302905270 0.00791484882051960922 0.76779146274211163004 0.18051663019408106803 
0.01132508226244022774 0.01218111103007181624 0.04522280813868367888 0.01503401459315965166 0.72112093890763018234 0.19511604506801449865 
0.02415507369540151328 0.01567060455096748808 0.02542986715678673126 0.00967554161541525973 0.72437451701236532653 0.20069439596906363255 
0.02650989541298152258 0.01747272247977404297 0.05230042351568507664 0.00000000100000000000 0.69657664352578718692 0.20714031406577218530 
0.02254562631338385970 0.01411309009765564920 0.01406489260250881786 0.00834883626929863037 0.72534941453377987930 0.21557814018337323470 
0.02348458852890902490 0.02551883486113047661 0.03313754834974514535 0.00732031827510287465 0.71191697038066514835 0.19862173960444731713 
0.02963599178180848989 0.01444707542576854388 0.01560986966637235157 0.00000443274676998252 0.75183897939250010634 0.18846365098678044547 
0.03423856840414111341 0.01441509818659057578 0.03635313021047069382 0.00000000100000000000 0.70383494852136607722 0.21115825367743143448 
0.02825481199874021326 0.01688250835728103208 0.00000001253792962790 0.00000000100000000000 0.76302567196040471664 0.19183699414564439611 
0.01049022160768532316 0.00599637327674842815 0.01198111520272219545 0.00000000100000000000 0.78268087184636248033 0.18885141706648173043 
0.01307946887500584417 0.00777698985613434375 0.00000000100000000000 0.00158067351317305602 0.78886724032823662967 0.18869562642744999725 
0.01691210671452452602 0.00258261939984983594 0.00000000100000000000 0.00000000100000000000 0.78167561771992066788 0.19882965416570488881 
0.02719560380466903501 0.01306498843493469897 0.00000000100000000000 0.00000000100000000000 0.76736732200290325157 0.19237208375749309530 
0.00000000100000000000 0.00002634811500159798 0.00561051248338014213 0.00000000100000000000 0.80301800289998026550 0.19134513450163798121 
0.02517471740142592646 0.00000333239580958669 0.00000000100000000000 0.00000000100000000000 0.79340806454941970038 0.18141388365334465416 
0.00002285768694825591 0.00000000099999999999 0.00000000099999999999 0.00000000099999999999 0.79250148476197701530 0.20747565455107477850 
0.01120339401586060990 0.00000000100000000000 0.00000000100000000000 0.00000000100000000000 0.76465103326610561751 0.22414556971803376029 
0.01452742324052262550 0.00000000100000000000 0.00000000100000000000 0.00000000100000000000 0.80679877110236419835 0.17867380265711332865 
0.00000000164928134120 0.01843336880138693457 0.01455708188057086051 0.00000000100000000000 0.77865949074172491340 0.18835005592703593646 
0.02460587723640413060 0.01256290045667253497 0.00000000100000000000 0.00000041193175971442 0.77750613331606799328 0.18532467605909555552 
0.02523652177969040386 0.00000086730578067684 0.00001668754283930665 0.00000000100000000000 0.75909186979343634682 0.21565405257825331908 
0.02812330935815544192 0.00000007552624350627 0.00543144738088731458 0.00000075352098415835 0.77202586871048861639 0.19441854550324100259 
0.01839463507648735063 0.00449661337334752911 0.00000000100000000000 0.00422965774969094512 0.78915845587860078414 0.18372063692187340367 
0.00006488238545018932 0.00729347151494544842 0.00000000100000000000 0.00000037213202148059 0.82557798043818109157 0.16706329252940183006 
0.00000002381013599283 0.00000000099999999999 0.00013001009472891594 0.00000000099999999999 0.79480110446262519641 0.20506885963250989779 
0.01152402125035454673 0.00000000099999999999 0.00000000099999999999 0.00000000099999999999 0.79287859918585801289 0.19559737656378750614 
0.02494544222553032528 0.00588982729777493171 0.00000000099999999999 0.00000000099999999999 0.76632162663104841371 0.20284310184564632862 
0.02462691597895955500 0.00001473172645703730 0.00000000100000000000 0.00008649285490812236 0.78492316750475477072 0.19034869093492048919 
0.00000000099999999993 0.00000000099999999993 0.00000000099999999993 0.00000000099999999993 0.99999999500000003039 0.00000000099999999993 
0.00000000099999999995 0.00000000099999999995 0.00000000099999999995 0.00000000099999999995 0.99999999499999991937 0.00000000099999999995 
0.00000000099999999995 0.00000000099999999995 0.00000000099999999995 0.00000000099999999995 0.99999999500000003039 0.00000000099999999995 
0.00000000099999999993 0.00000000099999999993 0.00000000099999999993 0.00000000099999999993 0.99999999500000003039 0.00000000099999999993 
0.00000000099999999993 0.00000000099999999993 0.00000000099999999993 0.00000000099999999993 0.99999999500000003039 0.00000000099999999993 
0.00000000099999999994 0.00000000099999999994 0.00000000099999999994 0.00000000099999999994 0.99999999499999991937 0.00000000099999999994 
0.00000000099999999994 0.00000000099999999994 0.00000000099999999994 0.00000000099999999994 0.99999999500000003039 0.00000000099999999994 
0.00000000099999999994 0.00000000099999999994 0.00000000099999999994 0.00000000099999999994 0.99999999500000003039 0.00000000099999999994 
0.00000000099999999995 0.00000000099999999995 0.00000000099999999995 0.00000000099999999995 0.99999999500000003039 0.00000000099999999995 
0.00000000099999999994 0.00000000099999999994 0.00000000099999999994 0.00000000099999999994 0.99999999500000003039 0.00000000099999999994 
0.00000000099999999995 0.00000000099999999995 0.00000000099999999995 0.00000000099999999995 0.99999999499999991937 0.00000000099999999995 
0.00000000099999999993 0.00000000099999999993 0.00000000099999999993 0.00000000099999999993 0.99999999499999991937 0.00000000099999999993 
0.00000000099999999994 0.00000000099999999994 0.00000000099999999994 0.00000000099999999994 0.99999999499999991937 0.00000000099999999994 
0.00000000099999999992 0.00000000099999999992 0.00000000099999999992 0.00000000099999999992 0.99999999500000003039 0.00000000099999999992 
0.00000000099999999994 0.00000000099999999994 0.00000000099999999994 0.00000000099999999994 0.99999999500000003039 0.00000000099999999994 
0.00000000099999999991 0.00000000099999999991 0.00000000099999999991 0.00000000099999999991 0.99999999499999991937 0.00000000099999999991 
0.00000000099999999994 0.00000000099999999994 0.00000000099999999994 0.00000000099999999994 0.99999999499999991937 0.00000000099999999994 
0.00000000099999999991 0.00000000099999999991 0.00000000099999999991 0.00000000099999999991 0.99999999500000003039 0.00000000099999999991 
0.00000000099999999995 0.00000000099999999995 0.00000000099999999995 0.00000000099999999995 0.99999999499999991937 0.00000000099999999995 
0.00000000099999999994 0.00000000099999999994 0.00000000099999999994 0.00000000099999999994 0.99999999499999991937 0.00000000099999999994 
0.07545885717655700931 0.02476568316995614305 0.04456030057061554500 0.00000781362034357609 0.65380651724360472343 0.20140082821892299481 
0.07502216708091062614 0.03005404183507828439 0.04506215267153865917 0.00631553306871138285 0.65818202625597965749 0.18536407908778132492 
0.05593891515140513720 0.01704535058382010762 0.03993806942842302588 0.00484496731069529365 0.66968366157174297193 0.21254903595391344551 
0.08759920652485578274 0.00748977227582693725 0.01709744441913117405 0.00810123964141229273 0.68261163617158082673 0.19710070096719292665 
0.07050727792848117403 0.01102404517453933926 0.03772303280041425927 0.00000000100000000000 0.68070660622293832631 0.20003903687362700747 
0.05980238660561944253 0.02111479040166806473 0.04792511444320395053 0.00814539332992322493 0.63059470074041168441 0.23241761447917355654 
0.06672718302507862909 0.02136224734962430608 0.03351382227004182091 0.00636843171972142647 0.68617063237534114961 0.18585768326019266872 
0.04716096114605547451 0.02367294578531863036 0.05154676922494304259 0.00372586784239648753 0.64759967205815804903 0.22629378394312832379 
0.05141109085009027552 0.03442916548704272328 0.05099755612084722750 0.00349911234579123546 0.65797103681485424875 0.20169203838137442220 
0.05422786620200283070 0.02994851509923054239 0.03409380067402359438 0.00574784775863869304 0.66553022803428718568 0.21045174223181728479 
0.00000000099999999980 0.00000000099999999980 0.00000000099999999980 0.99999999499999991937 0.00000000099999999980 0.00000000099999999980 
0.00000000099999999976 0.00000000099999999976 0.00000000099999999976 0.99999999499999991937 0.00000000099999999976 0.00000000099999999976 
0.00000000099999999979 0.00000000099999999979 0.00000000099999999979 0.99999999500000003039 0.00000000099999999979 0.00000000099999999979 
0.00000000099999999979 0.00000000099999999979 0.00000000099999999979 0.99999999499999991937 0.00000000099999999979 0.00000000099999999979 
0.00000000099999999976 0.00000000099999999976 0.00000000099999999976 0.99999999500000003039 0.00000000099999999976 0.00000000099999999976 
0.00000000099999999972 0.00000000099999999972 0.00000000099999999972 0.99999999500000003039 0.00000000099999999972 0.00000000099999999972 
0.00000000099999999976 0.00000000099999999976 0.00000000099999999976 0.99999999499999991937 0.00000000099999999976 0.00000000099999999976 
0.00000000099999999982 0.00000000099999999982 0.00000000099999999982 0.99999999499999991937 0.00000000099999999982 0.00000000099999999982 
0.00000000099999999974 0.00000000099999999974 0.00000000099999999974 0.99999999500000003039 0.00000000099999999974 0.00000000099999999974 
0.00000000099999999979 0.00000000099999999979 0.00000000099999999979 0.99999999500000003039 0.00000000099999999979 0.00000000099999999979 
0.00000000099999999975 0.00000000099999999975 0.00000000099999999975 0.99999999499999991937 0.00000000099999999975 0.00000000099999999975 
0.00000000099999999975 0.00000000099999999975 0.00000000099999999975 0.99999999500000003039 0.00000000099999999975 0.00000000099999999975 
0.00000000099999999976 0.00000000099999999976 0.00000000099999999976 0.99999999499999991937 0.00000000099999999976 0.00000000099999999976 
0.00000000099999999977 0.00000000099999999977 0.00000000099999999977 0.99999999500000003039 0.00000000099999999977 0.00000000099999999977 
0.00000000099999999977 0.00000000099999999977 0.00000000099999999977 0.99999999500000003039 0.00000000099999999977 0.00000000099999999977 
0.00000000099999999974 0.00000000099999999974 0.00000000099999999974 0.99999999500000003039 0.00000000099999999974 0.00000000099999999974 
0.00000000099999999980 0.00000000099999999980 0.00000000099999999980 0.99999999499999991937 0.00000000099999999980 0.00000000099999999980 
0.00000000099999999982 0.00000000099999999982 0.00000000099999999982 0.99999999499999991937 0.00000000099999999982 0.00000000099999999982 
0.00000000099999999980 0.00000000099999999980 0.00000000099999999980 0.99999999500000003039 0.00000000099999999980 0.00000000099999999980 
0.00000000099999999976 0.00000000099999999976 0.00000000099999999976 0.99999999499999991937 0.00000000099999999976 0.00000000099999999976 
0.00000000099999999986 0.00000000099999999986 0.99999999499999991937 0.00000000099999999986 0.00000000099999999986 0.00000000099999999986 
0.00000000099999999990 0.00000000099999999990 0.99999999499999991937 0.00000000099999999990 0.00000000099999999990 0.00000000099999999990 
0.00000000099999999989 0.00000000099999999989 0.99999999499999991937 0.00000000099999999989 0.00000000099999999989 0.00000000099999999989 
0.00000000099999999989 0.00000000099999999989 0.99999999499999991937 0.00000000099999999989 0.00000000099999999989 0.00000000099999999989 
0.00000000099999999987 0.00000000099999999987 0.99999999499999991937 0.00000000099999999987 0.00000000099999999987 0.00000000099999999987 
0.00000000099999999988 0.00000000099999999988 0.99999999499999991937 0.00000000099999999988 0.00000000099999999988 0.00000000099999999988 
0.00000000099999999988 0.00000000099999999988 0.99999999499999991937 0.00000000099999999988 0.00000000099999999988 0.00000000099999999988 
0.00000000099999999987 0.00000000099999999987 0.99999999499999991937 0.00000000099999999987 0.00000000099999999987 0.00000000099999999987 
0.00000000099999999986 0.00000000099999999986 0.99999999500000003039 0.00000000099999999986 0.00000000099999999986 0.00000000099999999986 
0.00000000099999999987 0.00000000099999999987 0.99999999500000003039 0.00000000099999999987 0.00000000099999999987 0.00000000099999999987 
0.00000000099999999988 0.00000000099999999988 0.99999999500000003039 0.00000000099999999988 0.00000000099999999988 0.00000000099999999988 
0.00000000099999999991 0.00000000099999999991 0.99999999500000003039 0.00000000099999999991 0.00000000099999999991 0.00000000099999999991 
0.00000000099999999991 0.00000000099999999991 0.99999999499999991937 0.00000000099999999991 0.00000000099999999991 0.00000000099999999991 
0.00000000099999999989 0.00000000099999999989 0.99999999499999991937 0.00000000099999999989 0.00000000099999999989 0.00000000099999999989 
0.00000000099999999988 0.00000000099999999988 0.99999999500000003039 0.00000000099999999988 0.00000000099999999988 0.00000000099999999988 
0.00000000099999999989 0.00000000099999999989 0.99999999499999991937 0.00000000099999999989 0.00000000099999999989 0.00000000099999999989 
0.00000000099999999986 0.00000000099999999986 0.99999999499999991937 0.00000000099999999986 0.00000000099999999986 0.00000000099999999986 
0.00000000099999999985 0.00000000099999999985 0.99999999499999991937 0.00000000099999999985 0.00000000099999999985 0.00000000099999999985 
0.00000000099999999988 0.00000000099999999988 0.99999999500000003039 0.00000000099999999988 0.00000000099999999988 0.00000000099999999988 
0.00000000099999999988 0.00000000099999999988 0.99999999500000003039 0.00000000099999999988 0.00000000099999999988 0.00000000099999999988 
0.00000000099999999996 0.00000000099999999996 0.99999999499999991937 0.00000000099999999996 0.00000000099999999996 0.00000000099999999996 
0.00000000099999999996 0.00000000099999999996 0.99999999500000003039 0.00000000099999999996 0.00000000099999999996 0.00000000099999999996 
0.00000000099999999996 0.00000000099999999996 0.99999999499999991937 0.00000000099999999996 0.00000000099999999996 0.00000000099999999996 
0.00000000099999999997 0.00000000099999999997 0.99999999500000003039 0.00000000099999999997 0.00000000099999999997 0.00000000099999999997 
0.00000187709887129836 0.00000000099999999996 0.99999811890112866308 0.00000000099999999996 0.00000000099999999996 0.00000000099999999996 
0.01594914397224402036 0.00000000099999999997 0.98405085202775599562 0.00000000099999999997 0.00000000099999999997 0.00000000099999999997 
0.00000000099999999997 0.00000000099999999997 0.99999999499999991937 0.00000000099999999997 0.00000000099999999997 0.00000000099999999997 
0.00000000099999999994 0.00000000099999999994 0.99999999500000003039 0.00000000099999999994 0.00000000099999999994 0.00000000099999999994 
0.00000000099999999994 0.00000000099999999994 0.99999999500000003039 0.00000000099999999994 0.00000000099999999994 0.00000000099999999994 
0.00000000099999999995 0.00000000099999999995 0.99999999499999991937 0.00000000099999999995 0.00000000099999999995 0.00000000099999999995 
0.00000000099999999994 0.00000000099999999994 0.99999999499999991937 0.00000000099999999994 0.00000000099999999994 0.00000000099999999994 
0.00000000099999999997 0.00000000099999999997 0.99999999500000003039 0.00000000099999999997 0.00000000099999999997 0.00000000099999999997 
0.00000000099999999994 0.00000000099999999994 0.99999999500000003039 0.00000000099999999994 0.00000000099999999994 0.00000000099999999994 
0.00000000099999999997 0.00000000099999999997 0.99999999500000003039 0.00000000099999999997 0.00000000099999999997 0.00000000099999999997 
0.00000000099999999993 0.00000000099999999993 0.99999999499999991937 0.00000000099999999993 0.00000000099999999993 0.00000000099999999993 
0.00000000099999999995 0.00000000099999999995 0.99999999500000003039 0.00000000099999999995 0.00000000099999999995 0.00000000099999999995 
0.00000000099999999996 0.00000000099999999996 0.99999999500000003039 0.00000000099999999996 0.00000000099999999996 0.00000000099999999996 
0.00000000099999999995 0.00000000099999999995 0.99999999499999991937 0.00000000099999999995 0.00000000099999999995 0.00000000099999999995 
0.02525508824530017099 0.00000000099999999999 0.97233649033108682236 0.00000000099999999999 0.00000000099999999999 0.00240841842361296356 
0.00000000099999999999 0.00530771347380472672 0.99467399706920045510 0.00000000099999999999 0.00000000099999999999 0.00001828645699494071 
0.00000000099999999994 0.99999999500000003039 0.00000000099999999994 0.00000000099999999994 0.00000000099999999994 0.00000000099999999994 
0.00000000099999999988 0.99999999500000003039 0.00000000099999999988 0.00000000099999999988 0.00000000099999999988 0.00000000099999999988 
0.00000000099999999991 0.99999999500000003039 0.00000000099999999991 0.00000000099999999991 0.00000000099999999991 0.00000000099999999991 
0.00000000099999999986 0.99999999500000003039 0.00000000099999999986 0.00000000099999999986 0.00000000099999999986 0.00000000099999999986 
0.00000000099999999987 0.99999999500000014141 0.00000000099999999987 0.00000000099999999987 0.00000000099999999987 0.00000000099999999987 
0.00000000099999999981 0.99999999500000003039 0.00000000099999999981 0.00000000099999999981 0.00000000099999999981 0.00000000099999999981 
0.00000000099999999984 0.99999999500000014141 0.00000000099999999984 0.00000000099999999984 0.00000000099999999984 0.00000000099999999984 
0.00000000099999999988 0.99999999500000014141 0.00000000099999999988 0.00000000099999999988 0.00000000099999999988 0.00000000099999999988 
0.00000000099999999991 0.99999999500000003039 0.00000000099999999991 0.00000000099999999991 0.00000000099999999991 0.00000000099999999991 
0.00000000099999999987 0.99999999500000014141 0.00000000099999999987 0.00000000099999999987 0.00000000099999999987 0.00000000099999999987 
0.00000000099999999983 0.99999999500000003039 0.00000000099999999983 0.00000000099999999983 0.00000000099999999983 0.00000000099999999983 
0.00000000099999999987 0.99999999500000014141 0.00000000099999999987 0.00000000099999999987 0.00000000099999999987 0.00000000099999999987 
0.00000000099999999987 0.99999999500000003039 0.00000000099999999987 0.00000000099999999987 0.00000000099999999987 0.00000000099999999987 
0.00000000099999999984 0.99999999500000003039 0.00000000099999999984 0.00000000099999999984 0.00000000099999999984 0.00000000099999999984 
0.00000000099999999984 0.99999999500000003039 0.00000000099999999984 0.00000000099999999984 0.00000000099999999984 0.00000000099999999984 
0.00000000099999999987 0.99999999500000003039 0.00000000099999999987 0.00000000099999999987 0.00000000099999999987 0.00000000099999999987 
0.00000000099999999992 0.99999999500000003039 0.00000000099999999992 0.00000000099999999992 0.00000000099999999992 0.00000000099999999992 
0.00000000099999999987 0.99999999500000003039 0.00000000099999999987 0.00000000099999999987 0.00000000099999999987 0.00000000099999999987 
0.00000000099999999982 0.99999999500000014141 0.00000000099999999982 0.00000000099999999982 0.00000000099999999982 0.00000000099999999982 
0.00000000099999999988 0.99999999500000003039 0.00000000099999999988 0.00000000099999999988 0.00000000099999999988 0.00000000099999999988 
0.00000000099999999989 0.99999999500000003039 0.00000000099999999989 0.00000000099999999989 0.00000000099999999989 0.00000000099999999989 
0.00000000099999999993 0.00000000099999999993 0.00000000099999999993 0.00000000099999999993 0.00000000099999999993 0.99999999499999991937 
0.00000000099999999992 0.00000000099999999992 0.00000000099999999992 0.00000000099999999992 0.00000000099999999992 0.99999999500000003039 
0.00000000099999999993 0.00000000099999999993 0.00000000099999999993 0.00000000099999999993 0.00000000099999999993 0.99999999499999991937 
0.00000000099999999991 0.00000000099999999991 0.00000000099999999991 0.00000000099999999991 0.00000000099999999991 0.99999999500000003039 
0.00000000099999999994 0.00000000099999999994 0.00000000099999999994 0.00000000099999999994 0.00000000099999999994 0.99999999500000003039 
0.00000000099999999991 0.00000000099999999991 0.00000000099999999991 0.00000000099999999991 0.00000000099999999991 0.99999999500000003039 
0.00000000099999999991 0.00000000099999999991 0.00000000099999999991 0.00000000099999999991 0.00000000099999999991 0.99999999500000003039 
0.00000000099999999992 0.00000000099999999992 0.00000000099999999992 0.00000000099999999992 0.00000000099999999992 0.99999999499999991937 
0.00000000099999999991 0.00000000099999999991 0.00000000099999999991 0.00000000099999999991 0.00000000099999999991 0.99999999499999991937 
0.00000000099999999992 0.00000000099999999992 0.00000000099999999992 0.00000000099999999992 0.00000000099999999992 0.99999999499999991937 
0.00000000099999999993 0.00000000099999999993 0.00000000099999999993 0.00000000099999999993 0.00000000099999999993 0.99999999500000003039 
0.00000000099999999994 0.00000000099999999994 0.00000000099999999994 0.00000000099999999994 0.00000000099999999994 0.99999999500000003039 
0.00000000099999999991 0.00000000099999999991 0.00000000099999999991 0.00000000099999999991 0.00000000099999999991 0.99999999499999991937 
0.00000000099999999993 0.00000000099999999993 0.00000000099999999993 0.00000000099999999993 0.00000000099999999993 0.99999999500000003039 
0.00000000099999999993 0.00000000099999999993 0.00000000099999999993 0.00000000099999999993 0.00000000099999999993 0.99999999500000003039 
0.00000000099999999991 0.00000000099999999991 0.00000000099999999991 0.00000000099999999991 0.00000000099999999991 0.99999999500000003039 
0.00000000099999999994 0.00000000099999999994 0.00000000099999999994 0.00000000099999999994 0.00000000099999999994 0.99999999500000003039 
0.00000000099999999993 0.00000000099999999993 0.00000000099999999993 0.00000000099999999993 0.00000000099999999993 0.99999999499999991937 
0.00000000099999999992 0.00000000099999999992 0.00000000099999999992 0.00000000099999999992 0.00000000099999999992 0.99999999500000003039 
0.00000000099999999990 0.00000000099999999990 0.00000000099999999990 0.00000000099999999990 0.00000000099999999990 0.99999999499999991937 
0.03087399744075986635 0.00393792832798563110 0.00000000099999999999 0.00000000099999999999 0.00000000099999999999 0.96518807123125460734 
0.00009452136654094462 0.00000000099999999999 0.00000000099999999999 0.00000000099999999999 0.00000000099999999999 0.99990547463345913481 
0.02056234198749718259 0.01138578508808108132 0.00000000099999999999 0.00000000099999999999 0.00000000099999999999 0.96805186992442182614 
0.00433050477899980281 0.00000000099999999998 0.00000000099999999998 0.00000000099999999998 0.00000000099999999998 0.99566949122100023573 
0.00125950174951746578 0.00000000099999999998 0.00000000099999999998 0.00000000099999999998 0.00000000099999999998 0.99874049425048250228 
0.00000000099999999996 0.00000000099999999996 0.00000000099999999996 0.00000000099999999996 0.00000000099999999996 0.99999999500000003039 
0.01086082000665069408 0.00000000099999999998 0.00000000099999999998 0.00000000099999999998 0.00000000099999999998 0.98913917599334932884 
0.00677437644990791250 0.00002245338392154518 0.00000000099999999999 0.00000000099999999999 0.00000000099999999999 0.99320316716617063069 
0.00018975591190173712 0.00000000099999999997 0.00000000099999999997 0.00000000099999999997 0.00000000099999999997 0.99981024008809815662 
0.00665730384210210056 0.00000000099999999998 0.00000000099999999998 0.00000000099999999998 0.00000000099999999998 0.99334269215789783303 
0.00000000099999999996 0.00000000099999999996 0.00000000099999999996 0.00000000099999999996 0.00000000099999999996 0.99999999499999991937 
