0.00000000099999999989 0.90743596811177829053 0.09256402188822179800 0.00000000099999999989 0.00000000099999999989 0.00000000099999999989 0.00000000099999999989 0.00000000099999999989 0.00000000099999999989 0.00000000099999999989 0.00000000099999999989 0.00000000099999999989 
0.00000000099999999990 0.91288461351587235626 0.08711537648412785717 0.00000000099999999990 0.00000000099999999990 0.00000000099999999990 0.00000000099999999990 0.00000000099999999990 0.00000000099999999990 0.00000000099999999990 0.00000000099999999990 0.00000000099999999990 
0.00000000099999999990 0.89088873433586102113 0.10911125566413922006 0.00000000099999999990 0.00000000099999999990 0.00000000099999999990 0.00000000099999999990 0.00000000099999999990 0.00000000099999999990 0.00000000099999999990 0.00000000099999999990 0.00000000099999999990 
0.00000000099999999995 0.89633305367177384948 0.10366693632822640558 0.00000000099999999995 0.00000000099999999995 0.00000000099999999995 0.00000000099999999995 0.00000000099999999995 0.00000000099999999995 0.00000000099999999995 0.00000000099999999995 0.00000000099999999995 
0.00000000099999999977 0.93160404624429504761 0.06839594375570522133 0.00000000099999999977 0.00000000099999999977 0.00000000099999999977 0.00000000099999999977 0.00000000099999999977 0.00000000099999999977 0.00000000099999999977 0.00000000099999999977 0.00000000099999999977 
0.00000000099999999997 0.87933638956657200758 0.12066360043342824748 0.00000000099999999997 0.00000000099999999997 0.00000000099999999997 0.00000000099999999997 0.00000000099999999997 0.00000000099999999997 0.00000000099999999997 0.00000000099999999997 0.00000000099999999997 
0.00000000099999999998 0.78824634639352808563 0.15304206766821684682 0.00000000099999999998 0.05793515282995984061 0.00000000099999999998 0.00000000099999999998 0.00077642510829529577 0.00000000099999999998 0.00000000099999999998 0.00000000099999999998 0.00000000099999999998 
0.00000000099999999964 0.00000000099999999964 0.99999998900000020008 0.00000000099999999964 0.00000000099999999964 0.00000000099999999964 0.00000000099999999964 0.00000000099999999964 0.00000000099999999964 0.00000000099999999964 0.00000000099999999964 0.00000000099999999964 
0.00000000099999999970 0.00000000099999999970 0.99999998900000008906 0.00000000099999999970 0.00000000099999999970 0.00000000099999999970 0.00000000099999999970 0.00000000099999999970 0.00000000099999999970 0.00000000099999999970 0.00000000099999999970 0.00000000099999999970 
0.00000000099999999971 0.00000000099999999971 0.99999998900000020008 0.00000000099999999971 0.00000000099999999971 0.00000000099999999971 0.00000000099999999971 0.00000000099999999971 0.00000000099999999971 0.00000000099999999971 0.00000000099999999971 0.00000000099999999971 
0.00000000099999999969 0.00000000099999999969 0.99999998900000020008 0.00000000099999999969 0.00000000099999999969 0.00000000099999999969 0.00000000099999999969 0.00000000099999999969 0.00000000099999999969 0.00000000099999999969 0.00000000099999999969 0.00000000099999999969 
0.00000000099999999967 0.00000000099999999967 0.99999998900000020008 0.00000000099999999967 0.00000000099999999967 0.00000000099999999967 0.00000000099999999967 0.00000000099999999967 0.00000000099999999967 0.00000000099999999967 0.00000000099999999967 0.00000000099999999967 
0.00000000099999999971 0.00000000099999999971 0.99999998900000008906 0.00000000099999999971 0.00000000099999999971 0.00000000099999999971 0.00000000099999999971 0.00000000099999999971 0.00000000099999999971 0.00000000099999999971 0.00000000099999999971 0.00000000099999999971 
0.00000000099999999974 0.00000000099999999974 0.99999998900000008906 0.00000000099999999974 0.00000000099999999974 0.00000000099999999974 0.00000000099999999974 0.00000000099999999974 0.00000000099999999974 0.00000000099999999974 0.00000000099999999974 0.00000000099999999974 
0.00000000099999999969 0.00000000099999999969 0.99999998900000020008 0.00000000099999999969 0.00000000099999999969 0.00000000099999999969 0.00000000099999999969 0.00000000099999999969 0.00000000099999999969 0.00000000099999999969 0.00000000099999999969 0.00000000099999999969 
0.00000000099999999964 0.00000000099999999964 0.99999998900000020008 0.00000000099999999964 0.00000000099999999964 0.00000000099999999964 0.00000000099999999964 0.00000000099999999964 0.00000000099999999964 0.00000000099999999964 0.00000000099999999964 0.00000000099999999964 
0.00000000099999999974 0.00000000099999999974 0.99999998900000020008 0.00000000099999999974 0.00000000099999999974 0.00000000099999999974 0.00000000099999999974 0.00000000099999999974 0.00000000099999999974 0.00000000099999999974 0.00000000099999999974 0.00000000099999999974 
0.00000000099999999970 0.00000000099999999970 0.99999998900000020008 0.00000000099999999970 0.00000000099999999970 0.00000000099999999970 0.00000000099999999970 0.00000000099999999970 0.00000000099999999970 0.00000000099999999970 0.00000000099999999970 0.00000000099999999970 
0.00000000099999999971 0.00000000099999999971 0.99999998900000008906 0.00000000099999999971 0.00000000099999999971 0.00000000099999999971 0.00000000099999999971 0.00000000099999999971 0.00000000099999999971 0.00000000099999999971 0.00000000099999999971 0.00000000099999999971 
0.00000000099999999965 0.00000000099999999965 0.99999998900000008906 0.00000000099999999965 0.00000000099999999965 0.00000000099999999965 0.00000000099999999965 0.00000000099999999965 0.00000000099999999965 0.00000000099999999965 0.00000000099999999965 0.00000000099999999965 
0.00000000099999999972 0.00000000099999999972 0.99999998900000020008 0.00000000099999999972 0.00000000099999999972 0.00000000099999999972 0.00000000099999999972 0.00000000099999999972 0.00000000099999999972 0.00000000099999999972 0.00000000099999999972 0.00000000099999999972 
0.00000000099999999969 0.00000000099999999969 0.99999998900000020008 0.00000000099999999969 0.00000000099999999969 0.00000000099999999969 0.00000000099999999969 0.00000000099999999969 0.00000000099999999969 0.00000000099999999969 0.00000000099999999969 0.00000000099999999969 
0.00000000099999999973 0.00000000099999999973 0.99999998900000008906 0.00000000099999999973 0.00000000099999999973 0.00000000099999999973 0.00000000099999999973 0.00000000099999999973 0.00000000099999999973 0.00000000099999999973 0.00000000099999999973 0.00000000099999999973 
0.00000000099999999969 0.00000000099999999969 0.99999998900000008906 0.00000000099999999969 0.00000000099999999969 0.00000000099999999969 0.00000000099999999969 0.00000000099999999969 0.00000000099999999969 0.00000000099999999969 0.00000000099999999969 0.00000000099999999969 
0.00000000099999999963 0.00000000099999999963 0.99999998900000008906 0.00000000099999999963 0.00000000099999999963 0.00000000099999999963 0.00000000099999999963 0.00000000099999999963 0.00000000099999999963 0.00000000099999999963 0.00000000099999999963 0.00000000099999999963 
0.00000000099999999968 0.00000000099999999968 0.99999998900000008906 0.00000000099999999968 0.00000000099999999968 0.00000000099999999968 0.00000000099999999968 0.00000000099999999968 0.00000000099999999968 0.00000000099999999968 0.00000000099999999968 0.00000000099999999968 
0.00000000099999999985 0.00000000099999999985 0.99999998900000008906 0.00000000099999999985 0.00000000099999999985 0.00000000099999999985 0.00000000099999999985 0.00000000099999999985 0.00000000099999999985 0.00000000099999999985 0.00000000099999999985 0.00000000099999999985 
0.00000000099999999999 0.05105249045982116624 0.19039634784784575938 0.00000000099999999999 0.67178091269329964774 0.00000000099999999999 0.00000000099999999999 0.02950805801642534393 0.00000005254879189354 0.00000000099999999999 0.05030958998615226579 0.00695254344766395218 
0.00000000099999999997 0.05763591297326366852 0.19563163649132894739 0.00000000099999999997 0.70074954566559954916 0.00000000099999999997 0.00000000099999999997 0.02361244037912267960 0.00000000099999999997 0.00000000099999999997 0.02237045749068523534 0.00000000099999999997 
0.00000000099999999999 0.07289913984709166239 0.18579126074770735411 0.00000000099999999999 0.66295039951465695172 0.00000000099999999999 0.00000000099999999999 0.03724766659318820561 0.00000000099999999999 0.00317892367091423102 0.03793260362644156058 0.00000000099999999999 
0.00000000099999999997 0.05164190421330034503 0.18764224132824600111 0.00000000099999999997 0.68816933101092281344 0.00352935797814442950 0.00000000099999999997 0.03520506344190656167 0.00000000099999999997 0.00000000099999999997 0.03381209602747970583 0.00000000099999999997 
0.00000000099999999998 0.05600972457341909377 0.20696080033011685084 0.00420746101402206564 0.67341235192771120577 0.00000000099999999998 0.00000000099999999998 0.03171812884379071606 0.00000000099999999998 0.00000000099999999998 0.02769152731094007627 0.00000000099999999998 
0.00000000099999999997 0.03348518750302872937 0.19481521348747019018 0.00000000099999999997 0.71720791495316116304 0.00000000099999999997 0.00000000099999999997 0.01981710796837502647 0.00000000099999999997 0.00000000099999999997 0.03467456908796506809 0.00000000099999999997 
0.00000000099999999999 0.04810126864806102409 0.21754532009351787436 0.00000000099999999999 0.70512617587150794307 0.00409846249278864559 0.00000000099999999999 0.02512876589412444545 0.00000000099999999999 0.00000000099999999999 0.00000000099999999999 0.00000000099999999999 
0.00000000099999999999 0.06338918312183799975 0.22008301988321823939 0.00000000099999999999 0.65393808827633304048 0.00000038636708985180 0.00000000099999999999 0.02849564182302780080 0.00000000099999999999 0.00000000099999999999 0.03409353670450918083 0.00000013882398396498 
0.00000000099999999998 0.05348074924826530518 0.20317289082745590423 0.00000000099999999998 0.69603967385146214841 0.00516482084496582353 0.00000000099999999998 0.02168811458570682124 0.00000000099999999998 0.00000000099999999998 0.02045374464214406302 0.00000000099999999998 
0.00000000099999999997 0.03449772307058541349 0.20518750062516746824 0.00000000099999999997 0.72832859083585677062 0.00000146148227541639 0.00000000099999999997 0.02414256672313858446 0.00000000099999999997 0.00000000099999999997 0.00784215126297635109 0.00000000099999999997 
0.00000000099999999999 0.05665043111733931991 0.22663713038412278133 0.00000000099999999999 0.63009073827200268170 0.01234415937161323015 0.00000000099999999999 0.02526337531399854008 0.00000000099999999999 0.00000000099999999999 0.04901415954092360611 0.00000000099999999999 
0.00724249293726048418 0.06336799468492065879 0.20479202726653725208 0.01257112191989911629 0.60384709579986184380 0.00951637210524777268 0.00000000099999999999 0.03371941590646809761 0.00000000099999999999 0.00688456850308531709 0.05805890787671954406 0.00000000099999999999 
0.00000000100000000000 0.10825623272919801532 0.19177024844931553349 0.00000000100000000000 0.60275263944239509950 0.01006520368403858272 0.00000000100000000000 0.02195821427550046639 0.00000000100000000000 0.00000000100000000000 0.06519663281314450054 0.00000082360640783770 
0.01249851636001981549 0.04175302013301893100 0.22092026839332340460 0.00000000099999999999 0.65649144594007302622 0.00716216933988841811 0.00000105003949780394 0.02769090274465030657 0.00000000099999999999 0.00000019820348265881 0.03348242584604566030 0.00000000099999999999 
0.00000000099999999999 0.05127963518836906737 0.19623669534226648170 0.01763130934728919866 0.65091080079097252131 0.00186213432251583488 0.00000000099999999999 0.01554929003740084491 0.00000000099999999999 0.01189488075485995756 0.05463525021632617551 0.00000000099999999999 
0.00000000100000000000 0.06839040539160615162 0.20099320826570632459 0.00000000100000000000 0.62732353960402531534 0.00484458007268582288 0.00000000100000000000 0.03155372298270348042 0.00010689766703820245 0.00000000100000000000 0.06678764101623478611 0.00000000100000000000 
0.00000000099999999999 0.06988635374234690445 0.19469683576570859240 0.00000000099999999999 0.63294101908400901557 0.01758022225049535661 0.00000000099999999999 0.02333644835580904117 0.00000000099999999999 0.00000000099999999999 0.06155911480163112071 0.00000000099999999999 
0.00000000099999999999 0.05284357024955216309 0.22172499157409628068 0.00000000099999999999 0.63209189739709392697 0.00693773192076268218 0.00000000099999999999 0.02001962344870299171 0.00000000099999999999 0.00000000099999999999 0.06638217940979190823 0.00000000099999999999 
0.00623626865509194130 0.07584176465251350752 0.18375993005021853954 0.01263924686285714666 0.60941114147094643805 0.00860568345780269271 0.01092317425479457337 0.03040735730316283456 0.00416554690912870115 0.00000000100000000000 0.05800988438348373549 0.00000000100000000000 
0.00000000099999999999 0.05139048588527451999 0.26144381361527885277 0.00000003655224583134 0.58524679804792978377 0.02050282923316918207 0.00000000099999999999 0.02126286636502600080 0.00000000099999999999 0.00325454520081595476 0.05255132075986278933 0.00434730134039701312 
0.07206797775209712598 0.03382707232738111497 0.03439107970860189739 0.00677268764985538944 0.66495927773711360764 0.00750672405281845555 0.00009847063660231822 0.06608854500685623634 0.00799546783374303384 0.00892323242279998569 0.08976127503432944355 0.00760818983780139988 
0.09395553228100057830 0.04703374423846834462 0.01372815104177644782 0.00307306125619053296 0.62850012124715126660 0.02453192515959629755 0.00039269901437391345 0.03882479490014462825 0.00917284222900236271 0.02765510834265855894 0.08998581442659782381 0.02314620586303939992 
0.08250358638173840853 0.05043755201129468402 0.02107432511924206206 0.00047334342924877675 0.65141430565131930308 0.03807899598614261638 0.00000000100000000000 0.04231742003954970521 0.00690853082700845344 0.00127937350669213973 0.08779020425202176126 0.01772236179574211354 
0.10431585494660088054 0.04720253074999281734 0.00380213964635237392 0.00966182843915162383 0.63209484782593117203 0.01968210057076238625 0.01022834487807151513 0.05269295209315065509 0.00000000100000000000 0.01344877621174903927 0.10517034513893142034 0.00170027849930606367 
0.05453549661667472792 0.04983365344031701061 0.02063713691367599981 0.00865405762823647992 0.65860786456588127358 0.01931894318915052672 0.01171105306292436095 0.05388373189883882697 0.00922753204320224396 0.00000000100000000000 0.08969044536590770056 0.02390008427519077147 
0.07225283549105847303 0.04374934713176127643 0.00000000100000000000 0.00889494253500951702 0.73388168271215825644 0.01452163680805190933 0.01709194893254134540 0.05637111669572492795 0.00667254774900370370 0.00000000100000000000 0.04656393894469038758 0.00000000100000000000 
0.10013598072634516400 0.07106551157711761546 0.00415705403568218494 0.02263883040535705216 0.64410199531652567728 0.02745886174106118224 0.00000927455966623556 0.04927481364681315923 0.00465973610632017601 0.00527354448806485396 0.06975705454901681701 0.00146734284803001682 
0.10936988104318204340 0.04736197388465010483 0.02008442419735881682 0.02215047037095221188 0.62952205882340672716 0.03400765212289979383 0.01274049592302222041 0.05379369392639923170 0.00538510225303985134 0.00000000673059742055 0.06076189627176974833 0.00482234445272183409 
0.07755537550954794135 0.04715892259859318786 0.02604835166368037885 0.00000000100000000000 0.69668175104048302160 0.01376861434253473342 0.00699651817115562718 0.07311095673979432774 0.00000000100000000000 0.00000000100000000000 0.04606347818747128647 0.01261602874673958818 
0.09357721715054419243 0.06670707919069081282 0.00803250591622788404 0.00777118858974307127 0.61468593505751856210 0.03454345401727883236 0.00440539138966937124 0.05366901193710194029 0.00211134329143346320 0.01265901264092387374 0.08702401259779264653 0.01481384822107542458 
0.08900646630972564033 0.05421390188898183443 0.00870752723285605351 0.00023703555482111228 0.66515668558478691086 0.02265748579771842061 0.00297358117238557661 0.06256747375159715796 0.00376636660129195909 0.00581549626603073116 0.07243400946325807832 0.01246397037654647239 
0.05123096815039945851 0.04771040460936221833 0.03597537980893705800 0.00974398001709592294 0.70692995580923800869 0.02508063436712973035 0.00103803716746984518 0.03550992898313123924 0.00411070125765699169 0.00000000100000000000 0.08264660972237834746 0.00002339910720121478 
0.06155166234153694460 0.03553728604564858340 0.02476381726282734716 0.01908863660794371878 0.65876494320990641729 0.04496546053577544361 0.00744950681346875313 0.05817397250183918567 0.00000000100000000000 0.00978195136621168825 0.07165501035957279330 0.00826775195526894928 
0.10251316788693828896 0.05553377652466490871 0.01720123026346978556 0.00000000100000000000 0.61320654542197805537 0.02515335110075698696 0.01056317160779097868 0.06077713534390970923 0.00000000100000000000 0.01027442471956314593 0.09239777362179332765 0.01237942150913478451 
0.13972001868562530791 0.04643544622189553495 0.00754599074640462369 0.01272199762040161601 0.59528541335118756450 0.04181144239202643637 0.00063370507109586306 0.03822302759851719384 0.00966589166208684653 0.00000000100000000000 0.09393366925735273376 0.01402339639340618831 
0.08938487012204589244 0.05890745319884659742 0.00618316040885900659 0.00173633007031277330 0.65076969586854949146 0.03831692981973336409 0.01077763184596941017 0.04629621749677447634 0.00000000100000000000 0.00000000100000000000 0.07736481517293367083 0.02026289399597546587 
0.09911330062768254623 0.05298865307947907971 0.01725693457355849739 0.01546543536566374541 0.64714487547769461440 0.02492530759294059317 0.00881943312960027301 0.05924101527967284148 0.00000000100000000000 0.00291253801501808627 0.07213250485868981376 0.00000000100000000000 
0.10832905796457829861 0.05084697763272234827 0.00523746402727837124 0.03070582649474861217 0.60298548563000708977 0.02271314563608252401 0.00967240110139792192 0.05853614546845276739 0.00675364120892271106 0.00290111565861744412 0.10131873817719193320 0.00000000100000000000 
0.04765345493906687074 0.03856062312389200997 0.00000000100000000000 0.02930623115152682437 0.66227803543611474257 0.05220932516991255018 0.02071823574658243974 0.04833969208485110192 0.01216463768017877860 0.00316649335482221137 0.07048389084061543186 0.01511937947243709342 
0.06009733699472297880 0.05312946447532607142 0.00424673033692515595 0.02367647675943676880 0.65101091597726290505 0.03759334302070575784 0.00351858582457065510 0.06726057267344345836 0.00000039813350971953 0.00690330562970803158 0.08052570401984035509 0.01203716615454832918 
0.00000000099999999971 0.00000000099999999971 0.00000000099999999971 0.00000000099999999971 0.00000000099999999971 0.99999998900000020008 0.00000000099999999971 0.00000000099999999971 0.00000000099999999971 0.00000000099999999971 0.00000000099999999971 0.00000000099999999971 
0.00000000099999999964 0.00000000099999999964 0.00000000099999999964 0.00000000099999999964 0.00000000099999999964 0.99999998900000008906 0.00000000099999999964 0.00000000099999999964 0.00000000099999999964 0.00000000099999999964 0.00000000099999999964 0.00000000099999999964 
0.00000000099999999973 0.00000000099999999973 0.00000000099999999973 0.00000000099999999973 0.00000000099999999973 0.99999998900000008906 0.00000000099999999973 0.00000000099999999973 0.00000000099999999973 0.00000000099999999973 0.00000000099999999973 0.00000000099999999973 
0.00000000099999999970 0.00000000099999999970 0.00000000099999999970 0.00000000099999999970 0.00000000099999999970 0.99999998900000020008 0.00000000099999999970 0.00000000099999999970 0.00000000099999999970 0.00000000099999999970 0.00000000099999999970 0.00000000099999999970 
0.00000000099999999967 0.00000000099999999967 0.00000000099999999967 0.00000000099999999967 0.00000000099999999967 0.99999998900000020008 0.00000000099999999967 0.00000000099999999967 0.00000000099999999967 0.00000000099999999967 0.00000000099999999967 0.00000000099999999967 
0.00000000099999999970 0.00000000099999999970 0.00000000099999999970 0.00000000099999999970 0.00000000099999999970 0.99999998900000008906 0.00000000099999999970 0.00000000099999999970 0.00000000099999999970 0.00000000099999999970 0.00000000099999999970 0.00000000099999999970 
0.00000000099999999973 0.00000000099999999973 0.00000000099999999973 0.00000000099999999973 0.00000000099999999973 0.99999998900000020008 0.00000000099999999973 0.00000000099999999973 0.00000000099999999973 0.00000000099999999973 0.00000000099999999973 0.00000000099999999973 
0.00000000099999999967 0.00000000099999999967 0.00000000099999999967 0.00000000099999999967 0.00000000099999999967 0.99999998900000008906 0.00000000099999999967 0.00000000099999999967 0.00000000099999999967 0.00000000099999999967 0.00000000099999999967 0.00000000099999999967 
0.00000000099999999972 0.00000000099999999972 0.00000000099999999972 0.00000000099999999972 0.00000000099999999972 0.99999998900000008906 0.00000000099999999972 0.00000000099999999972 0.00000000099999999972 0.00000000099999999972 0.00000000099999999972 0.00000000099999999972 
0.00000000099999999967 0.00000000099999999967 0.00000000099999999967 0.00000000099999999967 0.00000000099999999967 0.99999998900000020008 0.00000000099999999967 0.00000000099999999967 0.00000000099999999967 0.00000000099999999967 0.00000000099999999967 0.00000000099999999967 
0.00000000099999999958 0.00000000099999999958 0.00000000099999999958 0.00000000099999999958 0.00000000099999999958 0.00000000099999999958 0.00000000099999999958 0.99999998900000008906 0.00000000099999999958 0.00000000099999999958 0.00000000099999999958 0.00000000099999999958 
0.00000000099999999973 0.00000000099999999973 0.00000000099999999973 0.00000000099999999973 0.00000000099999999973 0.00000000099999999973 0.00000000099999999973 0.99999998900000008906 0.00000000099999999973 0.00000000099999999973 0.00000000099999999973 0.00000000099999999973 
0.00000000099999999969 0.00000000099999999969 0.00000000099999999969 0.00000000099999999969 0.00000000099999999969 0.00000000099999999969 0.00000000099999999969 0.99999998900000008906 0.00000000099999999969 0.00000000099999999969 0.00000000099999999969 0.00000000099999999969 
0.00000000099999999969 0.00000000099999999969 0.00000000099999999969 0.00000000099999999969 0.00000000099999999969 0.00000000099999999969 0.00000000099999999969 0.99999998900000008906 0.00000000099999999969 0.00000000099999999969 0.00000000099999999969 0.00000000099999999969 
0.00000000099999999963 0.00000000099999999963 0.00000000099999999963 0.00000000099999999963 0.00000000099999999963 0.00000000099999999963 0.00000000099999999963 0.99999998899999997803 0.00000000099999999963 0.00000000099999999963 0.00000000099999999963 0.00000000099999999963 
0.00000000099999999977 0.00000000099999999977 0.00000000099999999977 0.00000000099999999977 0.00000000099999999977 0.00000000099999999977 0.00000000099999999977 0.99999998899999997803 0.00000000099999999977 0.00000000099999999977 0.00000000099999999977 0.00000000099999999977 
0.00000000099999999971 0.00000000099999999971 0.00000000099999999971 0.00000000099999999971 0.00000000099999999971 0.00000000099999999971 0.00000000099999999971 0.99999998900000008906 0.00000000099999999971 0.00000000099999999971 0.00000000099999999971 0.00000000099999999971 
0.00000000099999999956 0.00000000099999999956 0.00000000099999999956 0.00000000099999999956 0.00000000099999999956 0.00000000099999999956 0.00000000099999999956 0.99999998899999997803 0.00000000099999999956 0.00000000099999999956 0.00000000099999999956 0.00000000099999999956 
0.00000000099999999974 0.00000000099999999974 0.00000000099999999974 0.00000000099999999974 0.00000000099999999974 0.00000000099999999974 0.00000000099999999974 0.99999998900000008906 0.00000000099999999974 0.00000000099999999974 0.00000000099999999974 0.00000000099999999974 
0.00000000099999999960 0.00000000099999999960 0.00000000099999999960 0.00000000099999999960 0.00000000099999999960 0.00000000099999999960 0.00000000099999999960 0.99999998900000008906 0.00000000099999999960 0.00000000099999999960 0.00000000099999999960 0.00000000099999999960 
0.02311045580534974025 0.00000157279995649222 0.00000000099999999999 0.00329922083247913842 0.95367170109486087970 0.00000000099999999999 0.00000000099999999999 0.01369377357939455080 0.00112478712723373953 0.00000000099999999999 0.00509848376072555808 0.00000000099999999999 
0.01055501568715379312 0.00000000099999999998 0.00000000099999999998 0.00000000099999999998 0.94691744047276371621 0.00000424575705192565 0.00000000099999999998 0.04245936796386099582 0.00000000099999999998 0.00000000099999999998 0.00006391910530572335 0.00000000501386393534 
0.00000000099999999997 0.00000000099999999997 0.00000000099999999997 0.00000000099999999997 0.99999998900000008906 0.00000000099999999997 0.00000000099999999997 0.00000000099999999997 0.00000000099999999997 0.00000000099999999997 0.00000000099999999997 0.00000000099999999997 
0.00000000099999999997 0.00391412151387191855 0.00000000099999999997 0.00000000099999999997 0.99608586848612812314 0.00000000099999999997 0.00000000099999999997 0.00000000099999999997 0.00000000099999999997 0.00000000099999999997 0.00000000099999999997 0.00000000099999999997 
0.00000000099999999998 0.00000000099999999998 0.00000000099999999998 0.00000000099999999998 0.98588601545433363071 0.00000000099999999998 0.00000000099999999998 0.01411397454566653414 0.00000000099999999998 0.00000000099999999998 0.00000000099999999998 0.00000000099999999998 
0.00000000099999999994 0.00000000099999999994 0.00000000099999999994 0.00000000099999999994 0.99999998614319518531 0.00000000099999999994 0.00000000099999999994 0.00000000385680487184 0.00000000099999999994 0.00000000099999999994 0.00000000099999999994 0.00000000099999999994 
0.00000000099999999996 0.00581130947563278724 0.00000000099999999996 0.00000000099999999996 0.99416846926913793325 0.00000000099999999996 0.00000000099999999996 0.00002021225522949415 0.00000000099999999996 0.00000000099999999996 0.00000000099999999996 0.00000000099999999996 
0.02867870898742852157 0.00000000099999999998 0.00000000099999999998 0.00000000099999999998 0.96521076798174476608 0.00000000099999999998 0.00000000099999999998 0.00611051403082683506 0.00000000099999999998 0.00000000099999999998 0.00000000099999999998 0.00000000099999999998 
0.00727815949419827971 0.01114130955238141867 0.01542168796706461925 0.00000000099999999999 0.95473301067780447227 0.00000000099999999999 0.00000000099999999999 0.00140610936217777714 0.00000000099999999999 0.00000000099999999999 0.01001971694637355040 0.00000000099999999999 
0.01614265063571810113 0.01285227254160191575 0.01663394657559737200 0.00000000099999999999 0.85946914276925656662 0.01845303792350988514 0.00000000099999999999 0.02054762863889394303 0.00000000099999999999 0.00000000099999999999 0.05590131591542209927 0.00000000099999999999 
0.00000000099999999998 0.00000321740956716720 0.01307638378069929039 0.00000000099999999998 0.93752489837785235594 0.00000000099999999998 0.00000000099999999998 0.02517953156195529632 0.00000000099999999998 0.00000000099999999998 0.02421596186992597613 0.00000000099999999998 
0.00000007632678708179 0.00000000099999999999 0.00000000099999999999 0.00000007082551648743 0.99598063613653975423 0.00000000099999999999 0.00401181928817358462 0.00000000099999999999 0.00000000099999999999 0.00000000099999999999 0.00000739042298323270 0.00000000099999999999 
0.00584747523398770636 0.00725887397371617182 0.01289311881359384883 0.00084796390498218443 0.96679692870317568421 0.00000000099999999999 0.00347419361558526504 0.00000000099999999999 0.00000000099999999999 0.00000000099999999999 0.00288144075495938958 0.00000000099999999999 
0.00000000099999999999 0.02269758857517694545 0.00000179538288198986 0.00046748643706661888 0.90811038547217037831 0.00000000099999999999 0.00000000099999999999 0.01904908631425171819 0.00000000099999999999 0.00000000099999999999 0.04967365181845249250 0.00000000099999999999 
0.00000000099999999998 0.00000000099999999998 0.02086548019874197649 0.00000000099999999998 0.96430689535316682637 0.00456033020459517893 0.00000000099999999998 0.00000000099999999998 0.00000000099999999998 0.00000000099999999998 0.01026728624349617161 0.00000000099999999998 
0.02305736938592787763 0.01026547816640939643 0.00000000099999999999 0.00002925625002788135 0.90791609178902965560 0.00000000099999999999 0.01393065244989495806 0.00000000099999999999 0.00000000099999999999 0.00000000099999999999 0.04480114595871016042 0.00000000099999999999 
0.00509535579946730679 0.01341577605890747864 0.00000000099999999999 0.00009943443836565550 0.90501146193716686117 0.00000000099999999999 0.00000000099999999999 0.02240415793604584940 0.00000000099999999999 0.00000000099999999999 0.05397380783004693955 0.00000000099999999999 
0.03797502887407511879 0.01829250328674051143 0.00000000099999999999 0.00360980373093304149 0.88803465655410418478 0.00000000099999999999 0.00000000099999999999 0.00995058359192636105 0.00000000099999999999 0.00000000099999999999 0.04213741796222096603 0.00000000099999999999 
0.00661195118652108983 0.00000000611939784198 0.00000000099999999999 0.00000000099999999999 0.96011283899691401977 0.01263045787901342226 0.00000000099999999999 0.00377144571685551549 0.00000000099999999999 0.00237982690227300743 0.01448728315397537943 0.00000618604504978885 
0.00000000099999999995 0.00000000099999999995 0.00000000099999999995 0.00000000099999999995 0.99999998900000008906 0.00000000099999999995 0.00000000099999999995 0.00000000099999999995 0.00000000099999999995 0.00000000099999999995 0.00000000099999999995 0.00000000099999999995 
0.00104373049157674555 0.00000000099999999998 0.00000000099999999998 0.00000000099999999998 0.95961600774782640499 0.00883587310343655723 0.00000000099999999998 0.00065320818127842604 0.00000000099999999998 0.00000000099999999998 0.02985117347588189807 0.00000000099999999998 
0.00000000099999999997 0.00135806289082215231 0.00000000099999999997 0.00000000099999999997 0.98848916265526420855 0.00000000099999999997 0.00000000099999999997 0.00953497539932543665 0.00000000099999999997 0.00000000099999999997 0.00061779105458816127 0.00000000099999999997 
0.02922127347162938038 0.00000000099999999998 0.00000000099999999998 0.00000000099999999998 0.94978956798841351894 0.00000035895919480208 0.00000000099999999998 0.00960039903448538928 0.00000000099999999998 0.00000000099999999998 0.01138839354627697170 0.00000000099999999998 
0.00000000099999999998 0.00096651246420143152 0.00000000099999999998 0.00000000099999999998 0.98479168036294861821 0.01424179817285009010 0.00000000099999999998 0.00000000099999999998 0.00000000099999999998 0.00000000099999999998 0.00000000099999999998 0.00000000099999999998 
0.00000000099999999997 0.00000000099999999997 0.00000000099999999997 0.00289264432774524001 0.99710734567225489666 0.00000000099999999997 0.00000000099999999997 0.00000000099999999997 0.00000000099999999997 0.00000000099999999997 0.00000000099999999997 0.00000000099999999997 
0.00000000099999999999 0.00908621289268950715 0.00000000099999999999 0.00186620364729829145 0.95373811871968805498 0.02898163088311610583 0.00000000099999999999 0.00000000099999999999 0.00105636213309154119 0.00386964496256746301 0.00000088955005190660 0.00140093321149727416 
0.01810787490134439792 0.00000000099999999998 0.00000000099999999998 0.00000000099999999998 0.96887383240080970914 0.00000000099999999998 0.00000000099999999998 0.00000000099999999998 0.00000000099999999998 0.00000000099999999998 0.01301828369784592716 0.00000000099999999998 
0.00000000099999999997 0.00000000099999999997 0.00000000099999999997 0.00000000099999999997 0.99999998900000008906 0.00000000099999999997 0.00000000099999999997 0.00000000099999999997 0.00000000099999999997 0.00000000099999999997 0.00000000099999999997 0.00000000099999999997 
0.01631944464857540411 0.00000000099999999999 0.00000000099999999999 0.00000000099999999999 0.92051423545080701683 0.00000024526662951014 0.00000000099999999999 0.00371687931912014630 0.00000000099999999999 0.01417075757279137940 0.03294995761707060489 0.01232847512500597799 
0.00000000099999999993 0.00000000099999999993 0.00000000099999999993 0.00000000099999999993 0.99999998900000020008 0.00000000099999999993 0.00000000099999999993 0.00000000099999999993 0.00000000099999999993 0.00000000099999999993 0.00000000099999999993 0.00000000099999999993 
0.00000000099999999993 0.00000000099999999993 0.00000000099999999993 0.00000000099999999993 0.99999998900000008906 0.00000000099999999993 0.00000000099999999993 0.00000000099999999993 0.00000000099999999993 0.00000000099999999993 0.00000000099999999993 0.00000000099999999993 
0.00000000099999999996 0.00000000099999999996 0.00000000099999999996 0.00000000099999999996 0.99999998900000008906 0.00000000099999999996 0.00000000099999999996 0.00000000099999999996 0.00000000099999999996 0.00000000099999999996 0.00000000099999999996 0.00000000099999999996 
0.00000000099999999999 0.01163762126508201440 0.00000000099999999999 0.01199617493374308987 0.92903141342637385325 0.00000013600996022707 0.00000000099999999999 0.00000000099999999999 0.00000000099999999999 0.00000000099999999999 0.04733464736484088720 0.00000000099999999999 
0.00000000099999999998 0.00000000099999999998 0.00000000099999999998 0.00000000099999999998 0.99999998797109979076 0.00000000099999999998 0.00000000202890022582 0.00000000099999999998 0.00000000099999999998 0.00000000099999999998 0.00000000099999999998 0.00000000099999999998 
0.00000000099999999997 0.00000000099999999997 0.00000000099999999997 0.00000000099999999997 0.99999998900000020008 0.00000000099999999997 0.00000000099999999997 0.00000000099999999997 0.00000000099999999997 0.00000000099999999997 0.00000000099999999997 0.00000000099999999997 
0.00019879426918658068 0.00230518058030495382 0.00000000099999999999 0.00000000099999999999 0.94198171396984298198 0.01467289919707405119 0.00000000099999999999 0.00826799199039870113 0.00000000099999999999 0.00363292266824124469 0.02894049232495151877 0.00000000099999999999 
0.00000000099999999991 0.00000000099999999991 0.00000000099999999991 0.00000000099999999991 0.99999998900000020008 0.00000000099999999991 0.00000000099999999991 0.00000000099999999991 0.00000000099999999991 0.00000000099999999991 0.00000000099999999991 0.00000000099999999991 
0.00000000125771394625 0.00000000099999999997 0.00000000099999999997 0.00000000099999999997 0.99999832727384552200 0.00000166246844062937 0.00000000099999999997 0.00000000099999999997 0.00000000099999999997 0.00000000099999999997 0.00000000099999999997 0.00000000099999999997 
0.00000000099999999993 0.00000000099999999993 0.00000000099999999993 0.00000000099999999993 0.00000000099999999993 0.00000000099999999993 0.00000000099999999993 0.00000000099999999993 0.00000000099999999993 0.00000000099999999993 0.99999998899999986701 0.00000000099999999993 
0.00000000099999999992 0.00000000099999999992 0.00000000099999999992 0.00000000099999999992 0.00000000099999999992 0.00000000099999999992 0.00000000099999999992 0.00000000099999999992 0.00000000099999999992 0.00000000099999999992 0.99999998899999997803 0.00000000099999999992 
0.00000000099999999984 0.00000000099999999984 0.00000000099999999984 0.00000000099999999984 0.00000000099999999984 0.00000000099999999984 0.00000000099999999984 0.00000000099999999984 0.00000000099999999984 0.00000000099999999984 0.99999998899999997803 0.00000000099999999984 
0.00000000099999999989 0.00000000099999999989 0.00000000099999999989 0.00000000099999999989 0.00000000099999999989 0.00000000099999999989 0.00000000099999999989 0.00000000099999999989 0.00000000099999999989 0.00000000099999999989 0.99999998899999997803 0.00000000099999999989 
0.00000000099999999991 0.00000000099999999991 0.00000000099999999991 0.00000000099999999991 0.00000000099999999991 0.00000000099999999991 0.00000000099999999991 0.00000000099999999991 0.00000000099999999991 0.00000000099999999991 0.99999998899999986701 0.00000000099999999991 
0.00000000099999999978 0.00000000099999999978 0.00000000099999999978 0.00000000099999999978 0.00000000099999999978 0.00000000099999999978 0.00000000099999999978 0.00000000099999999978 0.00000000099999999978 0.00000000099999999978 0.99999998899999997803 0.00000000099999999978 
0.00000000099999999980 0.00000000099999999980 0.00000000099999999980 0.00000000099999999980 0.00000000099999999980 0.00000000099999999980 0.00000000099999999980 0.00000000099999999980 0.00000000099999999980 0.00000000099999999980 0.99999998899999986701 0.00000000099999999980 
0.00000000099999999988 0.00000000099999999988 0.00000000099999999988 0.00000000099999999988 0.00000000099999999988 0.00000000099999999988 0.00000000099999999988 0.00000000099999999988 0.00000000099999999988 0.00000000099999999988 0.99999998899999986701 0.00000000099999999988 
0.00000000099999999987 0.00000000099999999987 0.00000000099999999987 0.00000000099999999987 0.00000000099999999987 0.00000000099999999987 0.00000000099999999987 0.00000000099999999987 0.00000000099999999987 0.00000000099999999987 0.99999998899999997803 0.00000000099999999987 
0.00000000099999999978 0.00000000099999999978 0.00000000099999999978 0.00000000099999999978 0.00000000099999999978 0.00000000099999999978 0.00000000099999999978 0.00000000099999999978 0.00000000099999999978 0.00000000099999999978 0.99999998899999997803 0.00000000099999999978 
0.00000000099999999988 0.00000000099999999988 0.00000000099999999988 0.00000000099999999988 0.00000000099999999988 0.00000000099999999988 0.00000000099999999988 0.00000000099999999988 0.00000000099999999988 0.00000000099999999988 0.99999998899999997803 0.00000000099999999988 
0.00000000099999999987 0.00000000099999999987 0.00000000099999999987 0.00000000099999999987 0.00000000099999999987 0.00000000099999999987 0.00000000099999999987 0.00000000099999999987 0.00000000099999999987 0.00000000099999999987 0.99999998899999997803 0.00000000099999999987 
0.00000000099999999993 0.00000000099999999993 0.00000000099999999993 0.00000000099999999993 0.00000000099999999993 0.00000000099999999993 0.00000000099999999993 0.00000000099999999993 0.00000000099999999993 0.00000000099999999993 0.99999998899999997803 0.00000000099999999993 
0.00000000099999999991 0.00000000099999999991 0.00000000099999999991 0.00000000099999999991 0.00000000099999999991 0.00000000099999999991 0.00000000099999999991 0.00000000099999999991 0.00000000099999999991 0.00000000099999999991 0.99999998899999986701 0.00000000099999999991 
0.00000000099999999988 0.00000000099999999988 0.00000000099999999988 0.00000000099999999988 0.00000000099999999988 0.00000000099999999988 0.00000000099999999988 0.00000000099999999988 0.00000000099999999988 0.00000000099999999988 0.99999998899999986701 0.00000000099999999988 
0.00000000099999999983 0.00000000099999999983 0.00000000099999999983 0.00000000099999999983 0.00000000099999999983 0.00000000099999999983 0.00000000099999999983 0.00000000099999999983 0.00000000099999999983 0.00000000099999999983 0.99999998899999997803 0.00000000099999999983 
0.00000000099999999985 0.00000000099999999985 0.00000000099999999985 0.00000000099999999985 0.00000000099999999985 0.00000000099999999985 0.00000000099999999985 0.00000000099999999985 0.00000000099999999985 0.00000000099999999985 0.99999998899999997803 0.00000000099999999985 
0.00000000099999999985 0.00000000099999999985 0.00000000099999999985 0.00000000099999999985 0.00000000099999999985 0.00000000099999999985 0.00000000099999999985 0.00000000099999999985 0.00000000099999999985 0.00000000099999999985 0.99999998899999997803 0.00000000099999999985 
0.00000000099999999990 0.00000000099999999990 0.00000000099999999990 0.00000000099999999990 0.00000000099999999990 0.00000000099999999990 0.00000000099999999990 0.00000000099999999990 0.00000000099999999990 0.00000000099999999990 0.99999998899999997803 0.00000000099999999990 
