0.90798492060484270461 0.00000000099999999991 0.00000000099999999991 0.00000000099999999991 0.00000000099999999991 0.00000000099999999991 0.09201507139515732736 0.00000000099999999991 0.00000000099999999991 0.00000000099999999991 
0.91362089249236555499 0.00000000099999999992 0.00000000099999999992 0.00000000099999999992 0.00000000099999999992 0.00000000099999999992 0.08637909950763467126 0.00000000099999999992 0.00000000099999999992 0.00000000099999999992 
0.89114453794367287642 0.00000000099999999992 0.00000000099999999992 0.00000000099999999992 0.00000000099999999992 0.00000000099999999992 0.10885545405632722493 0.00000000099999999992 0.00000000099999999992 0.00000000099999999992 
0.89714899880807497112 0.00000000099999999996 0.00000000099999999996 0.00000000099999999996 0.00000000099999999996 0.00000000099999999996 0.10285099319192518574 0.00000000099999999996 0.00000000099999999996 0.00000000099999999996 
0.93171123423801849306 0.00000000099999999981 0.00000000099999999981 0.00000000099999999981 0.00000000099999999981 0.00000000099999999981 0.06828875776198164993 0.00000000099999999981 0.00000000099999999981 0.00000000099999999981 
0.87987278804412238919 0.00000000099999999997 0.00000000099999999997 0.00000000099999999997 0.00000000099999999997 0.00000000099999999997 0.12012720395587776767 0.00000000099999999997 0.00000000099999999997 0.00000000099999999997 
0.79771450152830403191 0.00000000132541804381 0.00007372638068615052 0.02867457370738852457 0.00000000099999999999 0.01595989421256507890 0.15757729884563828615 0.00000000099999999999 0.00000000099999999999 0.00000000099999999999 
0.00000000099999999970 0.00000000099999999970 0.00000000099999999970 0.00000000099999999970 0.00000000099999999970 0.00000000099999999970 0.99999999099999992147 0.00000000099999999970 0.00000000099999999970 0.00000000099999999970 
0.00000000099999999975 0.00000000099999999975 0.00000000099999999975 0.00000000099999999975 0.00000000099999999975 0.00000000099999999975 0.99999999099999992147 0.00000000099999999975 0.00000000099999999975 0.00000000099999999975 
0.00000000099999999976 0.00000000099999999976 0.00000000099999999976 0.00000000099999999976 0.00000000099999999976 0.00000000099999999976 0.99999999099999992147 0.00000000099999999976 0.00000000099999999976 0.00000000099999999976 
0.00000000099999999975 0.00000000099999999975 0.00000000099999999975 0.00000000099999999975 0.00000000099999999975 0.00000000099999999975 0.99999999099999992147 0.00000000099999999975 0.00000000099999999975 0.00000000099999999975 
0.00000000099999999973 0.00000000099999999973 0.00000000099999999973 0.00000000099999999973 0.00000000099999999973 0.00000000099999999973 0.99999999100000003249 0.00000000099999999973 0.00000000099999999973 0.00000000099999999973 
0.00000000099999999976 0.00000000099999999976 0.00000000099999999976 0.00000000099999999976 0.00000000099999999976 0.00000000099999999976 0.99999999100000003249 0.00000000099999999976 0.00000000099999999976 0.00000000099999999976 
0.00000000099999999979 0.00000000099999999979 0.00000000099999999979 0.00000000099999999979 0.00000000099999999979 0.00000000099999999979 0.99999999100000003249 0.00000000099999999979 0.00000000099999999979 0.00000000099999999979 
0.00000000099999999975 0.00000000099999999975 0.00000000099999999975 0.00000000099999999975 0.00000000099999999975 0.00000000099999999975 0.99999999100000003249 0.00000000099999999975 0.00000000099999999975 0.00000000099999999975 
0.00000000099999999970 0.00000000099999999970 0.00000000099999999970 0.00000000099999999970 0.00000000099999999970 0.00000000099999999970 0.99999999100000003249 0.00000000099999999970 0.00000000099999999970 0.00000000099999999970 
0.00000000099999999978 0.00000000099999999978 0.00000000099999999978 0.00000000099999999978 0.00000000099999999978 0.00000000099999999978 0.99999999099999992147 0.00000000099999999978 0.00000000099999999978 0.00000000099999999978 
0.00000000099999999976 0.00000000099999999976 0.00000000099999999976 0.00000000099999999976 0.00000000099999999976 0.00000000099999999976 0.99999999100000003249 0.00000000099999999976 0.00000000099999999976 0.00000000099999999976 
0.00000000099999999976 0.00000000099999999976 0.00000000099999999976 0.00000000099999999976 0.00000000099999999976 0.00000000099999999976 0.99999999099999992147 0.00000000099999999976 0.00000000099999999976 0.00000000099999999976 
0.00000000099999999971 0.00000000099999999971 0.00000000099999999971 0.00000000099999999971 0.00000000099999999971 0.00000000099999999971 0.99999999100000003249 0.00000000099999999971 0.00000000099999999971 0.00000000099999999971 
0.00000000099999999977 0.00000000099999999977 0.00000000099999999977 0.00000000099999999977 0.00000000099999999977 0.00000000099999999977 0.99999999100000003249 0.00000000099999999977 0.00000000099999999977 0.00000000099999999977 
0.00000000099999999974 0.00000000099999999974 0.00000000099999999974 0.00000000099999999974 0.00000000099999999974 0.00000000099999999974 0.99999999099999992147 0.00000000099999999974 0.00000000099999999974 0.00000000099999999974 
0.00000000099999999977 0.00000000099999999977 0.00000000099999999977 0.00000000099999999977 0.00000000099999999977 0.00000000099999999977 0.99999999099999992147 0.00000000099999999977 0.00000000099999999977 0.00000000099999999977 
0.00000000099999999974 0.00000000099999999974 0.00000000099999999974 0.00000000099999999974 0.00000000099999999974 0.00000000099999999974 0.99999999099999992147 0.00000000099999999974 0.00000000099999999974 0.00000000099999999974 
0.00000000099999999970 0.00000000099999999970 0.00000000099999999970 0.00000000099999999970 0.00000000099999999970 0.00000000099999999970 0.99999999100000003249 0.00000000099999999970 0.00000000099999999970 0.00000000099999999970 
0.00000000099999999974 0.00000000099999999974 0.00000000099999999974 0.00000000099999999974 0.00000000099999999974 0.00000000099999999974 0.99999999099999992147 0.00000000099999999974 0.00000000099999999974 0.00000000099999999974 
0.00000000099999999987 0.00000000099999999987 0.00000000099999999987 0.00000000099999999987 0.00000000099999999987 0.00000000099999999987 0.99999999100000003249 0.00000000099999999987 0.00000000099999999987 0.00000000099999999987 
0.08162775175283709661 0.02019484923600099041 0.00228920604813622787 0.10176448771532148330 0.01915690692519406158 0.54270827223626927349 0.20612086725564063294 0.01100635854157322804 0.00000000100000000000 0.01513129928902696639 
0.08715963817944734349 0.02153230953892781852 0.00000000133760347818 0.09924669433511611183 0.00603675454645121595 0.56538021601544119488 0.22064394754070928983 0.00000000100000000000 0.00000000100000000000 0.00000043650630370237 
0.09748565336583867036 0.02809546870260505938 0.00261591532503341762 0.10628618649453401568 0.02669999903542508157 0.52404833970316599956 0.20060285482263021106 0.00528796300575446864 0.00887761854501308532 0.00000000100000000000 
0.08223578233274043969 0.03882410055356042000 0.00000000099999999999 0.10775931818921671845 0.00039243381074792580 0.55771280125282518547 0.20990640679014904713 0.00316915407076025267 0.00000000099999999999 0.00000000099999999999 
0.08899554045580131134 0.03076796432890250774 0.00000000100000000000 0.10062316182205686965 0.00041206959840614906 0.53916967687021544187 0.22978102248603352042 0.00000000100000000000 0.00000000190656212989 0.01025056053202205372 
0.06574756841914294880 0.02393825141103841578 0.00081161869187404770 0.09465941192834183282 0.00000002853866015399 0.59765758075250896564 0.21718553725843378621 0.00000000099999999999 0.00000000099999999999 0.00000000099999999999 
0.07734436262697470810 0.03559580126656203963 0.00334168897583595826 0.09935057895998795907 0.01897718934510346511 0.52357469213960405874 0.23514162422175885481 0.00594417917483648119 0.00045588234579941234 0.00027400094353710142 
0.09314075810707647674 0.03116475254289284569 0.00000216181781560823 0.09382355215928127323 0.00606865651138814750 0.52426621875580370347 0.23734224987630750392 0.00000000100000000000 0.00731065908700670973 0.00688099014242766344 
0.08530032155166472618 0.03907934390037598460 0.00000000100000000000 0.09992093513180151654 0.00326881415731835202 0.53668005241703042874 0.22329707001648343989 0.00037263010518999830 0.00155600595868942999 0.01052482576144620971 
0.06202971772273524476 0.03590925962920604037 0.00000000099999999999 0.09760907828986080392 0.00510103081432632804 0.57141538931032620496 0.22793543140127070501 0.00000008983227475016 0.00000000099999999999 0.00000000099999999999 
0.08163758939229680267 0.04049131516860811353 0.00000000100000000000 0.08929478954728305162 0.02647728093214122072 0.51647141292541143276 0.24430351073895104075 0.00000110510671380562 0.00132294977053950538 0.00000004541805510175 
0.08981156017481264908 0.03497659843163119370 0.00000000100000000000 0.09410927448358701042 0.06746611065621860304 0.48926176322219278036 0.21672984961861105346 0.00000012110103802216 0.00708861184766232909 0.00055610946424650848 
0.13195120764414805525 0.03614787801118487381 0.00000000100000000000 0.07623426216868710303 0.04638269736796403475 0.50188268116189616030 0.20484859693510118483 0.00001781995101689950 0.00000000100000000000 0.00253485476000174167 
0.06581124294761930837 0.03254254341852905880 0.00000000100000000000 0.09728889020521615250 0.07513399478205000370 0.48908086579159371077 0.23195798450392962620 0.00772180100544844067 0.00000050351685241247 0.00046217282876122740 
0.07988662737289260740 0.02639884016671835767 0.00085782358351700247 0.07796396368874310145 0.04796584760962750715 0.52731511365446337436 0.21225195057702128665 0.00000000100000000000 0.01578460017888533296 0.01157523216813154121 
0.09172126064792018862 0.03556632990093028940 0.00293679315654107138 0.09263358204459409828 0.04618036157112864748 0.51954038768402266424 0.21121902567774547554 0.00019352868721962641 0.00000862206784825761 0.00000010856204969779 
0.09495928768999485625 0.04958992156800378498 0.00000000100000000000 0.08530675083643535217 0.02307468536364278358 0.52459131893337951347 0.21249211684718496973 0.00524081588732441643 0.00077594790074279245 0.00396915397329158405 
0.07909602448756322679 0.04123792577937858417 0.00295716755816870236 0.08263247987954949747 0.00539601944889362903 0.53384394970857551588 0.23989742071061892492 0.00849341237575676304 0.00601977352622771068 0.00042582652526751473 
0.10090136081624628828 0.03505063953518414849 0.00584415840121100920 0.09247918157295406671 0.04969399805632336575 0.49607730222704948808 0.19932711356163335115 0.01685103465420771662 0.00000019920973357352 0.00377501196545701164 
0.07404940129603536370 0.04694563785637673181 0.00000000100000000000 0.08318098681658395166 0.02304475305466000684 0.47916930739057200794 0.27499977365289512976 0.00000000100000000000 0.00613783303249754251 0.01247230490037941515 
0.05912747064513559220 0.03885647825809263739 0.00808170150102832316 0.12560619494664179707 0.14020938512332131731 0.56237138579795431514 0.03806156142593347669 0.00458149485200829744 0.00994917326780375179 0.01315515418208053518 
0.06981349505106290709 0.04966581574261731691 0.00891810661305031394 0.10104847487324664090 0.15803104053607419655 0.53421220095635324476 0.01837713766827622774 0.00161219673995151628 0.02898807504747213590 0.02933345677189553788 
0.07455000482195860145 0.06250872002856715237 0.00851569734406010768 0.10406153413364779836 0.14752284246200403350 0.55492000151316589474 0.02335992713832725151 0.00000000100000000000 0.00250555012898280713 0.02205572142928627008 
0.07066040333822468100 0.04495951170958688986 0.00010584178821379823 0.11471887045545510475 0.16992042667309337212 0.55206147988426201856 0.00938150441503040472 0.01255497250780066194 0.01447752722412799092 0.01115946200420496991 
0.07284225461803590929 0.04339651484392073599 0.01033992234669943097 0.11949541197681869120 0.12530697930740353208 0.55224846364773849672 0.02769997166886192796 0.01437563870052814899 0.00000000383897787672 0.03429483905101509550 
0.07543038523937724282 0.04724632238303703990 0.00899255756786098044 0.13232206866047294125 0.14941771558106212159 0.55925356665621628327 0.00063273666110927362 0.02604031992214623364 0.00000000799087062573 0.00066431933784711510 
0.09780776412765077032 0.05272754678246605042 0.00496544912205907490 0.11116471349622186748 0.17149903021558171590 0.51785212234847677326 0.00897082317855324267 0.00668333952723911603 0.00434879999048167886 0.02398041121126969280 
0.07077777920851205384 0.05987317291350413573 0.00595849254368577014 0.11692071176228319151 0.16987041544231740176 0.50981912300376852620 0.02267384003937436554 0.01799554734291161640 0.00002192152951359206 0.02608899621412935979 
0.07468863914807501170 0.03648116958358132295 0.00000000100000000000 0.13878290520443389844 0.13967161457546056758 0.54759635661116057292 0.03105752964383383385 0.01302881625192876987 0.00001202312173400570 0.01868094485979197514 
0.09218920815898277998 0.05901757079611375661 0.00249041769142877836 0.11671868083951822403 0.15468422545219959185 0.51601418829194123372 0.01352253129175224645 0.00853972635007819308 0.01171372756355192404 0.02510972356443333386 
0.08112766039148779085 0.04963255039157563053 0.00504933894304341636 0.12663379063412080749 0.15876007292652116742 0.54135501917765582736 0.01094784654122810119 0.00654400688448266918 0.00429335549687929075 0.01565635861300528411 
0.07278857089788186296 0.04911176828660754334 0.00588621150797710799 0.10151500457356704699 0.11410740227810811653 0.59959208199467306510 0.04086376418965709245 0.00555409671594027897 0.00000126690773186862 0.01057983264785599190 
0.06168962110111490815 0.07288934448026425372 0.00000000100000000000 0.12202093287531319554 0.13122113482009320484 0.53288439329021586310 0.02940728851142040620 0.01241985531421253668 0.01070318095748733558 0.02676424764987822558 
0.07818437616674481228 0.04980929244745847112 0.00000000100000000000 0.11673289583851796658 0.16149913729612586089 0.53437436168406426962 0.02138120774590766132 0.01536646189958266670 0.00938874093866931200 0.01326352498292890716 
0.07005023051249080479 0.06617903651272695476 0.01121046627470975374 0.09440109608728325385 0.20323755896179140912 0.51291146485407834721 0.01172063079197373237 0.00442426439426303695 0.00000000800862690201 0.02586524360205579368 
0.08535485531191193409 0.06373235111569452993 0.00184171968401154458 0.10762506798039335465 0.14978752114715682131 0.53772375827706553331 0.01197018353362337695 0.01366056851562899056 0.00000076151834045196 0.02830321291617338489 
0.07716044858350061542 0.05730987774346516656 0.00000000100000000000 0.12264702635880475601 0.16529509784797169480 0.52450200743774688661 0.02110034625431188998 0.01393976740077158306 0.00349976413735035184 0.01454566323607695173 
0.07474905292308926807 0.04927879298370191341 0.00727145467330206526 0.11646419687978062929 0.17508746949512607460 0.53006788883633015885 0.00746247552112454162 0.01222767962553672483 0.00396225554024794233 0.02342873352176062796 
0.06489289221791497142 0.08319034156866256247 0.01153520110824946161 0.11096141984666388347 0.12050309879992213147 0.53120719480242972743 0.00566829292509917794 0.02541218723951783193 0.00409238345519319195 0.04253698803634718695 
0.07709460480990021347 0.06480889246522750224 0.00055494839108927879 0.13038354597211501695 0.12241857206390020785 0.54341275089276508403 0.01013323578695394904 0.00821454951952889714 0.00799458948274551356 0.03498431061577413070 
0.00000000099999999976 0.99999999100000014352 0.00000000099999999976 0.00000000099999999976 0.00000000099999999976 0.00000000099999999976 0.00000000099999999976 0.00000000099999999976 0.00000000099999999976 0.00000000099999999976 
0.00000000099999999970 0.99999999100000014352 0.00000000099999999970 0.00000000099999999970 0.00000000099999999970 0.00000000099999999970 0.00000000099999999970 0.00000000099999999970 0.00000000099999999970 0.00000000099999999970 
0.00000000099999999978 0.99999999100000025454 0.00000000099999999978 0.00000000099999999978 0.00000000099999999978 0.00000000099999999978 0.00000000099999999978 0.00000000099999999978 0.00000000099999999978 0.00000000099999999978 
0.00000000099999999975 0.99999999100000014352 0.00000000099999999975 0.00000000099999999975 0.00000000099999999975 0.00000000099999999975 0.00000000099999999975 0.00000000099999999975 0.00000000099999999975 0.00000000099999999975 
0.00000000099999999973 0.99999999100000014352 0.00000000099999999973 0.00000000099999999973 0.00000000099999999973 0.00000000099999999973 0.00000000099999999973 0.00000000099999999973 0.00000000099999999973 0.00000000099999999973 
0.00000000099999999975 0.99999999100000025454 0.00000000099999999975 0.00000000099999999975 0.00000000099999999975 0.00000000099999999975 0.00000000099999999975 0.00000000099999999975 0.00000000099999999975 0.00000000099999999975 
0.00000000099999999978 0.99999999100000014352 0.00000000099999999978 0.00000000099999999978 0.00000000099999999978 0.00000000099999999978 0.00000000099999999978 0.00000000099999999978 0.00000000099999999978 0.00000000099999999978 
0.00000000099999999973 0.99999999100000014352 0.00000000099999999973 0.00000000099999999973 0.00000000099999999973 0.00000000099999999973 0.00000000099999999973 0.00000000099999999973 0.00000000099999999973 0.00000000099999999973 
0.00000000099999999977 0.99999999100000014352 0.00000000099999999977 0.00000000099999999977 0.00000000099999999977 0.00000000099999999977 0.00000000099999999977 0.00000000099999999977 0.00000000099999999977 0.00000000099999999977 
0.00000000099999999973 0.99999999100000014352 0.00000000099999999973 0.00000000099999999973 0.00000000099999999973 0.00000000099999999973 0.00000000099999999973 0.00000000099999999973 0.00000000099999999973 0.00000000099999999973 
0.00000000099999999966 0.00000000099999999966 0.00000000099999999966 0.99999999100000014352 0.00000000099999999966 0.00000000099999999966 0.00000000099999999966 0.00000000099999999966 0.00000000099999999966 0.00000000099999999966 
0.00000000099999999978 0.00000000099999999978 0.00000000099999999978 0.99999999100000003249 0.00000000099999999978 0.00000000099999999978 0.00000000099999999978 0.00000000099999999978 0.00000000099999999978 0.00000000099999999978 
0.00000000099999999974 0.00000000099999999974 0.00000000099999999974 0.99999999100000014352 0.00000000099999999974 0.00000000099999999974 0.00000000099999999974 0.00000000099999999974 0.00000000099999999974 0.00000000099999999974 
0.00000000099999999974 0.00000000099999999974 0.00000000099999999974 0.99999999100000014352 0.00000000099999999974 0.00000000099999999974 0.00000000099999999974 0.00000000099999999974 0.00000000099999999974 0.00000000099999999974 
0.00000000099999999970 0.00000000099999999970 0.00000000099999999970 0.99999999100000003249 0.00000000099999999970 0.00000000099999999970 0.00000000099999999970 0.00000000099999999970 0.00000000099999999970 0.00000000099999999970 
0.00000000099999999981 0.00000000099999999981 0.00000000099999999981 0.99999999100000003249 0.00000000099999999981 0.00000000099999999981 0.00000000099999999981 0.00000000099999999981 0.00000000099999999981 0.00000000099999999981 
0.00000000099999999976 0.00000000099999999976 0.00000000099999999976 0.99999999100000014352 0.00000000099999999976 0.00000000099999999976 0.00000000099999999976 0.00000000099999999976 0.00000000099999999976 0.00000000099999999976 
0.00000000099999999965 0.00000000099999999965 0.00000000099999999965 0.99999999100000014352 0.00000000099999999965 0.00000000099999999965 0.00000000099999999965 0.00000000099999999965 0.00000000099999999965 0.00000000099999999965 
0.00000000099999999978 0.00000000099999999978 0.00000000099999999978 0.99999999100000003249 0.00000000099999999978 0.00000000099999999978 0.00000000099999999978 0.00000000099999999978 0.00000000099999999978 0.00000000099999999978 
0.00000000099999999967 0.00000000099999999967 0.00000000099999999967 0.99999999100000003249 0.00000000099999999967 0.00000000099999999967 0.00000000099999999967 0.00000000099999999967 0.00000000099999999967 0.00000000099999999967 
0.04920867293180512803 0.04133364494837764996 0.00407886465549009425 0.11351798764199871883 0.15483416114255527107 0.63160151634012262623 0.00000000108822888476 0.00542492486182219371 0.00000000100000000000 0.00000022538959943785 
0.04609668977275190038 0.04124092557461296604 0.00000000099999999999 0.13832722894957016901 0.14238127439510625538 0.62910711214228176580 0.00000000099999999999 0.00000000099999999999 0.00000000099999999999 0.00284676516567700317 
0.05104374160275725048 0.04151661835325907990 0.00000000099999999999 0.10407931955842117389 0.14602324069372624171 0.64617510421101076457 0.00000001550349473760 0.01116195707733065416 0.00000000099999999999 0.00000000099999999999 
0.06198067885977321528 0.04629308268233404272 0.00000000099999999999 0.10303568460352065250 0.12791004012415260749 0.64988445309040110409 0.00255059899046504402 0.00000000099999999999 0.00000000099999999999 0.00834545864935345820 
0.05388744148511621229 0.03488454901014259590 0.00000000100000000000 0.12928152316548535694 0.13390755348902569355 0.64422912096308482255 0.00000342221088474530 0.00380638667626061362 0.00000000100000000000 0.00000000100000000000 
0.05992565621041134882 0.03579408491096942868 0.00000000099999999999 0.12360108484740227330 0.08740600221601813047 0.68665962843279326755 0.00661353938240563047 0.00000000099999999999 0.00000000099999999999 0.00000000099999999999 
0.06407022507527250499 0.04249786223052428452 0.00554375745523605096 0.11238408593234459898 0.09523281321316948156 0.66491453195478145144 0.01535672113867173408 0.00000000099999999999 0.00000000099999999999 0.00000000099999999999 
0.02323005854136385787 0.03227068444037980294 0.00000000100000000000 0.11459567436438070076 0.17969057186350193001 0.63757697052308970331 0.00377300862332801768 0.00886283742667900824 0.00000000100000000000 0.00000019221727700672 
0.05295313408865851695 0.01665608510149750240 0.00000000099999999999 0.09355399277209623665 0.14392875114342568166 0.66679585854976808346 0.01894717043666226813 0.00716500490789155273 0.00000000099999999999 0.00000000099999999999 
0.04851747830094274572 0.04833480510949635794 0.00000000099999999999 0.10088896267802528739 0.12274708437535326866 0.65306658608039924729 0.02644488425556366235 0.00000000099999999999 0.00000000099999999999 0.00000019620021942946 
0.04337402906870118507 0.02024579134844438702 0.00000000099999999999 0.11490623730496445087 0.11199949062956854329 0.68579630335053098911 0.02367234169339470576 0.00000000099999999999 0.00000580360439583792 0.00000000099999999999 
0.02458512925078238515 0.01681162635937140035 0.00000016258203627855 0.09472770067401757588 0.13590801548951914057 0.70295761434058423589 0.00538090262615161137 0.01912034527205919501 0.00048366444806413470 0.00002483895741395364 
0.04684407410185562060 0.02100719897448681192 0.00000000100000000000 0.08697308591252682353 0.14219926458169565575 0.66168977593616196131 0.01809104339308298393 0.01601819376111942791 0.00000104532588294851 0.00717631701318775361 
0.06471021480854687036 0.02581775611660015735 0.00000000099999999999 0.10995956957299637957 0.08564533415905224711 0.67984878793601000169 0.01802773349891588842 0.00599134174650588300 0.00000000099999999999 0.00999926016137266116 
0.03212916930636642437 0.04226279107949050540 0.00000000099999999999 0.08762201346660890289 0.11428130661005968249 0.68937201009632287363 0.03169690296279337877 0.00000000099999999999 0.00263580347835830385 0.00000000099999999999 
0.04694434568921056899 0.02037616862390677699 0.00000000099999999999 0.08544974608046972120 0.15447611582883263859 0.66739698019476778601 0.00080583295489120607 0.02155253808601507656 0.00000000099999999999 0.00299827054190635132 
0.05384002369880132310 0.01419437427066278477 0.00009794540396292947 0.10785193368180899520 0.14277649712009002347 0.68123755156632026520 0.00000000099999999999 0.00000011030603303478 0.00000000099999999999 0.00000156195232067797 
0.05416363290746570996 0.02417341149517938936 0.00000000099999999999 0.08991744989712129044 0.16321904221302610538 0.66462756191353145052 0.00000027642191976067 0.00000000099999999999 0.00000000099999999999 0.00389862215175620789 
0.03562979768631082539 0.04231924640032105889 0.00000000099999999999 0.09555638626334740648 0.14030740029781768596 0.67663822378106042166 0.00301145675110067127 0.00000000099999999999 0.00426378770634663808 0.00227369911369530676 
0.02714246599276936081 0.03977764851656188927 0.00000000099999999999 0.09626154431243097442 0.09339172354747475591 0.74342661263076315059 0.00000000099999999999 0.00000000099999999999 0.00000000099999999999 0.00000000099999999999 
0.01189951119203246088 0.04519160621915049164 0.00000000099999999999 0.09715131152794127811 0.12300575514203089533 0.72211817434617442402 0.00000006951824026697 0.00063356905443013895 0.00000000099999999999 0.00000000099999999999 
0.05173728162614460446 0.03822574102219621073 0.00000000100000000000 0.10753519629388259837 0.08609063948418516077 0.71630441679181466874 0.00007678187930173915 0.00000000100000000000 0.00000010364514266050 0.00002983725733244798 
0.03709831994274119527 0.03567063822512357013 0.00000000099999999999 0.10267785833068933388 0.16023644078798707224 0.66431673771345900459 0.00000000099999999999 0.00000000099999999999 0.00000000099999999999 0.00000000099999999999 
0.04728568609546439372 0.06019507990564432892 0.00000000099999999999 0.08399483227131131213 0.12356399672673970547 0.68489438061747309749 0.00000000099999999999 0.00006575993100620620 0.00000000099999999999 0.00000026145236090653 
0.03314279999497726087 0.02360666991009804580 0.00000000099999999999 0.10570420971325371340 0.13417559772962797671 0.69520047850942501277 0.00000000099999999999 0.00000000099999999999 0.00000000099999999999 0.00817024014261814695 
0.05259421278631307151 0.06561908203906829939 0.00822919509536467614 0.07516271997683368622 0.08933662456799945639 0.67629182025518996824 0.00812609706402909679 0.00000000301135762695 0.01166681312452831631 0.01297343207931574323 
0.02308410090225630762 0.03483895724304986868 0.00000000100000000000 0.08669237656329302488 0.14304408843149260533 0.70999930660935639537 0.00023849510735637463 0.00000000100000000000 0.00000012586251401788 0.00210254728068142837 
0.02846006531123137021 0.03141320779513901568 0.00000000099999999999 0.10267835899071287020 0.13706429455682545004 0.70038028338112068294 0.00000378596497069656 0.00000000099999999999 0.00000000099999999999 0.00000000099999999999 
0.02640307392849148768 0.03288805626460709897 0.00079407356498735157 0.09302064716904152875 0.12816616892408611017 0.68316476822963523308 0.00812687891643048416 0.00000000100000000000 0.01237109113979351083 0.01506524086292720076 
0.00363933494357940356 0.03888044114508783233 0.00000000099999999999 0.10177741751588974262 0.08346127449003508392 0.77224152690540803778 0.00000000099999999999 0.00000000099999999999 0.00000000099999999999 0.00000000099999999999 
0.03425508748195438269 0.03193481415879059065 0.00000000099999999999 0.09468880852353313282 0.03471594154369098822 0.80440534329203094988 0.00000000099999999999 0.00000000099999999999 0.00000000099999999999 0.00000000099999999999 
0.00882097675955368331 0.04610470723696605266 0.00017555100153956554 0.10006734113364181005 0.10474414480561400342 0.73943565453212978245 0.00000000099999999999 0.00065162153055513435 0.00000000099999999999 0.00000000099999999999 
0.05329145103374639120 0.04278149192113322313 0.00024869853153002962 0.07802085584554308006 0.10205794032204799915 0.70998836569907730620 0.00093987376058842962 0.00000004072573606635 0.00100638159547277134 0.01166490056512469072 
0.03937370191878118708 0.04753946231060292293 0.00000000100000000000 0.09676294292612004633 0.11654552986625431321 0.68394143172479970882 0.00190167726446290541 0.01345114238492060681 0.00047551818550332903 0.00000859241855485865 
0.03359132190133648499 0.03889640483373500712 0.00000091588077357915 0.09632846209242404423 0.12092009010985188544 0.71024915508050112667 0.00000000781641258209 0.00000000100000000000 0.00001364028496509257 0.00000000100000000000 
0.04066349988108326069 0.05249275607876893734 0.00001264521426595967 0.10042695949818067347 0.11783334892025568164 0.68098473603898490580 0.00000070747829687617 0.00040048798876705862 0.00718485790139674826 0.00000000100000000000 
0.01500577113039043391 0.04576704306344730327 0.00000000099999999999 0.08100826369055945386 0.05752477439309308660 0.80069346881986247499 0.00000067490264728420 0.00000000099999999999 0.00000000099999999999 0.00000000099999999999 
0.01778789208704507560 0.04975645784112212033 0.00000000099999999999 0.08679958669289519757 0.15708489093966379602 0.68747450485147931776 0.00109666358779445146 0.00000000099999999999 0.00000000099999999999 0.00000000099999999999 
0.00000000099999999997 0.00000000099999999997 0.00000000099999999997 0.00000000099999999997 0.00000000099999999997 0.99999999100000003249 0.00000000099999999997 0.00000000099999999997 0.00000000099999999997 0.00000000099999999997 
0.00000000099999999996 0.00000000099999999996 0.00000000099999999996 0.00000000099999999996 0.00000000099999999996 0.99999999100000014352 0.00000000099999999996 0.00000000099999999996 0.00000000099999999996 0.00000000099999999996 
0.00000000099999999993 0.00000000099999999993 0.00000000099999999993 0.00000000099999999993 0.00000000099999999993 0.99999999100000003249 0.00000000099999999993 0.00000000099999999993 0.00000000099999999993 0.00000000099999999993 
0.00000000099999999994 0.00000000099999999994 0.00000000099999999994 0.00000000099999999994 0.00000000099999999994 0.99999999100000003249 0.00000000099999999994 0.00000000099999999994 0.00000000099999999994 0.00000000099999999994 
0.00000000099999999996 0.00000000099999999996 0.00000000099999999996 0.00000000099999999996 0.00000000099999999996 0.99999999100000014352 0.00000000099999999996 0.00000000099999999996 0.00000000099999999996 0.00000000099999999996 
0.00000000099999999991 0.00000000099999999991 0.00000000099999999991 0.00000000099999999991 0.00000000099999999991 0.99999999100000003249 0.00000000099999999991 0.00000000099999999991 0.00000000099999999991 0.00000000099999999991 
0.00000000099999999991 0.00000000099999999991 0.00000000099999999991 0.00000000099999999991 0.00000000099999999991 0.99999999100000003249 0.00000000099999999991 0.00000000099999999991 0.00000000099999999991 0.00000000099999999991 
0.00000000099999999994 0.00000000099999999994 0.00000000099999999994 0.00000000099999999994 0.00000000099999999994 0.99999999100000003249 0.00000000099999999994 0.00000000099999999994 0.00000000099999999994 0.00000000099999999994 
0.00000000099999999995 0.00000000099999999995 0.00000000099999999995 0.00000000099999999995 0.00000000099999999995 0.99999999100000014352 0.00000000099999999995 0.00000000099999999995 0.00000000099999999995 0.00000000099999999995 
0.00000000099999999990 0.00000000099999999990 0.00000000099999999990 0.00000000099999999990 0.00000000099999999990 0.99999999100000003249 0.00000000099999999990 0.00000000099999999990 0.00000000099999999990 0.00000000099999999990 
0.00000000099999999995 0.00000000099999999995 0.00000000099999999995 0.00000000099999999995 0.00000000099999999995 0.99999999100000003249 0.00000000099999999995 0.00000000099999999995 0.00000000099999999995 0.00000000099999999995 
0.00000000099999999995 0.00000000099999999995 0.00000000099999999995 0.00000000099999999995 0.00000000099999999995 0.99999999100000003249 0.00000000099999999995 0.00000000099999999995 0.00000000099999999995 0.00000000099999999995 
0.00000000099999999997 0.00000000099999999997 0.00000000099999999997 0.00000000099999999997 0.00000000099999999997 0.99999999100000003249 0.00000000099999999997 0.00000000099999999997 0.00000000099999999997 0.00000000099999999997 
0.00000000872477872333 0.00000000099999999997 0.00000000099999999997 0.00000000099999999997 0.00000000099999999997 0.99999998327522143793 0.00000000099999999997 0.00000000099999999997 0.00000000099999999997 0.00000000099999999997 
0.00000000099999999996 0.00000000099999999996 0.00000000099999999996 0.00000000099999999996 0.00000000099999999996 0.99999999100000014352 0.00000000099999999996 0.00000000099999999996 0.00000000099999999996 0.00000000099999999996 
0.00000000099999999993 0.00000000099999999993 0.00000000099999999993 0.00000000099999999993 0.00000000099999999993 0.99999999100000003249 0.00000000099999999993 0.00000000099999999993 0.00000000099999999993 0.00000000099999999993 
0.00000000099999999994 0.00000000099999999994 0.00000000099999999994 0.00000000099999999994 0.00000000099999999994 0.99999999100000014352 0.00000000099999999994 0.00000000099999999994 0.00000000099999999994 0.00000000099999999994 
0.00000000099999999993 0.00000000099999999993 0.00000000099999999993 0.00000000099999999993 0.00000000099999999993 0.99999999100000003249 0.00000000099999999993 0.00000000099999999993 0.00000000099999999993 0.00000000099999999993 
0.00000000099999999994 0.00000000099999999994 0.00000000099999999994 0.00000000099999999994 0.00000000099999999994 0.99999999100000014352 0.00000000099999999994 0.00000000099999999994 0.00000000099999999994 0.00000000099999999994 
0.00000000099999999992 0.00000000099999999992 0.00000000099999999992 0.00000000099999999992 0.00000000099999999992 0.99999999100000003249 0.00000000099999999992 0.00000000099999999992 0.00000000099999999992 0.00000000099999999992 
0.99999999100000025454 0.00000000099999999982 0.00000000099999999982 0.00000000099999999982 0.00000000099999999982 0.00000000099999999982 0.00000000099999999982 0.00000000099999999982 0.00000000099999999982 0.00000000099999999982 
0.99999999100000025454 0.00000000099999999992 0.00000000099999999992 0.00000000099999999992 0.00000000099999999992 0.00000000099999999992 0.00000000099999999992 0.00000000099999999992 0.00000000099999999992 0.00000000099999999992 
0.99999999100000014352 0.00000000099999999990 0.00000000099999999990 0.00000000099999999990 0.00000000099999999990 0.00000000099999999990 0.00000000099999999990 0.00000000099999999990 0.00000000099999999990 0.00000000099999999990 
0.99999999100000014352 0.00000000099999999978 0.00000000099999999978 0.00000000099999999978 0.00000000099999999978 0.00000000099999999978 0.00000000099999999978 0.00000000099999999978 0.00000000099999999978 0.00000000099999999978 
0.99999999100000025454 0.00000000099999999988 0.00000000099999999988 0.00000000099999999988 0.00000000099999999988 0.00000000099999999988 0.00000000099999999988 0.00000000099999999988 0.00000000099999999988 0.00000000099999999988 
0.99999999100000014352 0.00000000099999999982 0.00000000099999999982 0.00000000099999999982 0.00000000099999999982 0.00000000099999999982 0.00000000099999999982 0.00000000099999999982 0.00000000099999999982 0.00000000099999999982 
0.99999999100000025454 0.00000000099999999986 0.00000000099999999986 0.00000000099999999986 0.00000000099999999986 0.00000000099999999986 0.00000000099999999986 0.00000000099999999986 0.00000000099999999986 0.00000000099999999986 
0.99999999100000025454 0.00000000099999999982 0.00000000099999999982 0.00000000099999999982 0.00000000099999999982 0.00000000099999999982 0.00000000099999999982 0.00000000099999999982 0.00000000099999999982 0.00000000099999999982 
0.99999999100000025454 0.00000000099999999991 0.00000000099999999991 0.00000000099999999991 0.00000000099999999991 0.00000000099999999991 0.00000000099999999991 0.00000000099999999991 0.00000000099999999991 0.00000000099999999991 
0.99999999100000014352 0.00000000099999999987 0.00000000099999999987 0.00000000099999999987 0.00000000099999999987 0.00000000099999999987 0.00000000099999999987 0.00000000099999999987 0.00000000099999999987 0.00000000099999999987 
0.99999999100000014352 0.00000000099999999987 0.00000000099999999987 0.00000000099999999987 0.00000000099999999987 0.00000000099999999987 0.00000000099999999987 0.00000000099999999987 0.00000000099999999987 0.00000000099999999987 
0.99999999100000025454 0.00000000099999999981 0.00000000099999999981 0.00000000099999999981 0.00000000099999999981 0.00000000099999999981 0.00000000099999999981 0.00000000099999999981 0.00000000099999999981 0.00000000099999999981 
0.99999999100000025454 0.00000000099999999982 0.00000000099999999982 0.00000000099999999982 0.00000000099999999982 0.00000000099999999982 0.00000000099999999982 0.00000000099999999982 0.00000000099999999982 0.00000000099999999982 
0.99999999100000014352 0.00000000099999999977 0.00000000099999999977 0.00000000099999999977 0.00000000099999999977 0.00000000099999999977 0.00000000099999999977 0.00000000099999999977 0.00000000099999999977 0.00000000099999999977 
0.99999999100000025454 0.00000000099999999987 0.00000000099999999987 0.00000000099999999987 0.00000000099999999987 0.00000000099999999987 0.00000000099999999987 0.00000000099999999987 0.00000000099999999987 0.00000000099999999987 
0.99999999100000014352 0.00000000099999999972 0.00000000099999999972 0.00000000099999999972 0.00000000099999999972 0.00000000099999999972 0.00000000099999999972 0.00000000099999999972 0.00000000099999999972 0.00000000099999999972 
0.99999999100000014352 0.00000000099999999987 0.00000000099999999987 0.00000000099999999987 0.00000000099999999987 0.00000000099999999987 0.00000000099999999987 0.00000000099999999987 0.00000000099999999987 0.00000000099999999987 
0.99999999100000014352 0.00000000099999999973 0.00000000099999999973 0.00000000099999999973 0.00000000099999999973 0.00000000099999999973 0.00000000099999999973 0.00000000099999999973 0.00000000099999999973 0.00000000099999999973 
0.99999999100000025454 0.00000000099999999987 0.00000000099999999987 0.00000000099999999987 0.00000000099999999987 0.00000000099999999987 0.00000000099999999987 0.00000000099999999987 0.00000000099999999987 0.00000000099999999987 
0.99999999100000014352 0.00000000099999999986 0.00000000099999999986 0.00000000099999999986 0.00000000099999999986 0.00000000099999999986 0.00000000099999999986 0.00000000099999999986 0.00000000099999999986 0.00000000099999999986 
0.08838164182740297636 0.04227600902183477338 0.00000000100000000000 0.10790864012216683232 0.12312576107717047857 0.53617164400206918096 0.04945074903831873925 0.01812925311565184022 0.01397703698311545187 0.02057926381226967555 
0.07131956251862715812 0.05998567892588340528 0.00000079546410688793 0.09846538989410605347 0.16280105095739777488 0.53841741199376302873 0.04757791345384972809 0.00947807861691668530 0.01191829119183827890 0.00003582698351105265 
0.08408012259394696819 0.06119782209133745043 0.00000001925071839052 0.08241280841087166020 0.19316592731732673549 0.54176511321670262067 0.02612551053734473577 0.00920103281788905818 0.00000014394139281829 0.00205149982246957338 
0.08755305837843008199 0.06495099361522521653 0.00001153050756943889 0.09594873128147447805 0.12909221499111983578 0.55916167331353516801 0.06017183924153396424 0.00000000100000000000 0.00000000100000000000 0.00310995667111173876 
0.08760004528223733211 0.04865668222405324095 0.00000000099999999999 0.08898789267701909256 0.15555717684850647875 0.56927809925662509194 0.04360591406304687584 0.00631408456534267304 0.00000000099999999999 0.00000010308316915783 
0.05507047235021297199 0.06753106573294366533 0.00000865542038611614 0.09603458098359000938 0.18750974908906051231 0.52843725271073893612 0.02864406210971288252 0.01509009664934119442 0.00126367762089415439 0.02041038733311961728 
0.07641548399379764767 0.06126622297753188395 0.00003061539454477884 0.09297340838128539953 0.14411670130126152944 0.57748222961339523707 0.03783500067838475867 0.00435234662183000328 0.00552799003796879389 0.00000000100000000000 
0.08868543310500613674 0.05390980343517302875 0.00000000100000000000 0.09078451338413677518 0.18697904680559745971 0.50835228920543806819 0.01578410660541807245 0.01477185207313839142 0.00795699100124807809 0.03277596338484389804 
