0.00000000099999999990 0.00000000099999999990 0.00000000099999999990 0.09206576341596252322 0.00000000099999999990 0.00000000099999999990 0.00000000099999999990 0.00000000099999999990 0.00000000099999999990 0.90793422758403741213 0.00000000099999999990 
0.00000000099999999991 0.00000000099999999991 0.00000000099999999991 0.08634947044338346644 0.00000000099999999991 0.00000000099999999991 0.00000000099999999991 0.00000000099999999991 0.00000000099999999991 0.91365052055661655217 0.00000000099999999991 
0.00000000099999999991 0.00000000099999999991 0.00000000099999999991 0.10889264439883972191 0.00000000099999999991 0.00000000099999999991 0.00000000099999999991 0.00000000099999999991 0.00000000099999999991 0.89110734660116031058 0.00000000099999999991 
0.00000000099999999996 0.00000000099999999996 0.00000000099999999996 0.10290813225722575397 0.00000000099999999996 0.00000000099999999996 0.00000000099999999996 0.00000000099999999996 0.00000000099999999996 0.89709185874277430628 0.00000000099999999996 
0.00000000099999999979 0.00000000099999999979 0.00000000099999999979 0.06821758759349542955 0.00000000099999999979 0.00000000099999999979 0.00000000099999999979 0.00000000099999999979 0.00000000099999999979 0.93178240340650453355 0.00000000099999999979 
0.00000000099999999997 0.00000000099999999997 0.00000000099999999997 0.12026360661093331295 0.00000000099999999997 0.00000000099999999997 0.00000000099999999997 0.00000000099999999997 0.00000000099999999997 0.87973638438906653914 0.00000000099999999997 
0.00000000099999999998 0.00000000099999999998 0.00000000898322839677 0.15477689490919149806 0.02558153383283209500 0.00000000099999999998 0.00000000099999999998 0.00000000099999999998 0.00000000099999999998 0.79203891992946184875 0.02760263634528610510 
0.00000000099999999968 0.00000000099999999968 0.00000000099999999968 0.99999999000000006077 0.00000000099999999968 0.00000000099999999968 0.00000000099999999968 0.00000000099999999968 0.00000000099999999968 0.00000000099999999968 0.00000000099999999968 
0.00000000099999999973 0.00000000099999999973 0.00000000099999999973 0.99999999000000017180 0.00000000099999999973 0.00000000099999999973 0.00000000099999999973 0.00000000099999999973 0.00000000099999999973 0.00000000099999999973 0.00000000099999999973 
0.00000000099999999973 0.00000000099999999973 0.00000000099999999973 0.99999999000000017180 0.00000000099999999973 0.00000000099999999973 0.00000000099999999973 0.00000000099999999973 0.00000000099999999973 0.00000000099999999973 0.00000000099999999973 
0.00000000099999999972 0.00000000099999999972 0.00000000099999999972 0.99999999000000017180 0.00000000099999999972 0.00000000099999999972 0.00000000099999999972 0.00000000099999999972 0.00000000099999999972 0.00000000099999999972 0.00000000099999999972 
0.00000000099999999970 0.00000000099999999970 0.00000000099999999970 0.99999999000000006077 0.00000000099999999970 0.00000000099999999970 0.00000000099999999970 0.00000000099999999970 0.00000000099999999970 0.00000000099999999970 0.00000000099999999970 
0.00000000099999999974 0.00000000099999999974 0.00000000099999999974 0.99999999000000017180 0.00000000099999999974 0.00000000099999999974 0.00000000099999999974 0.00000000099999999974 0.00000000099999999974 0.00000000099999999974 0.00000000099999999974 
0.00000000099999999977 0.00000000099999999977 0.00000000099999999977 0.99999999000000017180 0.00000000099999999977 0.00000000099999999977 0.00000000099999999977 0.00000000099999999977 0.00000000099999999977 0.00000000099999999977 0.00000000099999999977 
0.00000000099999999972 0.00000000099999999972 0.00000000099999999972 0.99999999000000017180 0.00000000099999999972 0.00000000099999999972 0.00000000099999999972 0.00000000099999999972 0.00000000099999999972 0.00000000099999999972 0.00000000099999999972 
0.00000000099999999967 0.00000000099999999967 0.00000000099999999967 0.99999999000000017180 0.00000000099999999967 0.00000000099999999967 0.00000000099999999967 0.00000000099999999967 0.00000000099999999967 0.00000000099999999967 0.00000000099999999967 
0.00000000099999999976 0.00000000099999999976 0.00000000099999999976 0.99999999000000017180 0.00000000099999999976 0.00000000099999999976 0.00000000099999999976 0.00000000099999999976 0.00000000099999999976 0.00000000099999999976 0.00000000099999999976 
0.00000000099999999973 0.00000000099999999973 0.00000000099999999973 0.99999999000000017180 0.00000000099999999973 0.00000000099999999973 0.00000000099999999973 0.00000000099999999973 0.00000000099999999973 0.00000000099999999973 0.00000000099999999973 
0.00000000099999999973 0.00000000099999999973 0.00000000099999999973 0.99999999000000006077 0.00000000099999999973 0.00000000099999999973 0.00000000099999999973 0.00000000099999999973 0.00000000099999999973 0.00000000099999999973 0.00000000099999999973 
0.00000000099999999968 0.00000000099999999968 0.00000000099999999968 0.99999999000000006077 0.00000000099999999968 0.00000000099999999968 0.00000000099999999968 0.00000000099999999968 0.00000000099999999968 0.00000000099999999968 0.00000000099999999968 
0.00000000099999999975 0.00000000099999999975 0.00000000099999999975 0.99999999000000006077 0.00000000099999999975 0.00000000099999999975 0.00000000099999999975 0.00000000099999999975 0.00000000099999999975 0.00000000099999999975 0.00000000099999999975 
0.00000000099999999972 0.00000000099999999972 0.00000000099999999972 0.99999999000000006077 0.00000000099999999972 0.00000000099999999972 0.00000000099999999972 0.00000000099999999972 0.00000000099999999972 0.00000000099999999972 0.00000000099999999972 
0.00000000099999999975 0.00000000099999999975 0.00000000099999999975 0.99999999000000017180 0.00000000099999999975 0.00000000099999999975 0.00000000099999999975 0.00000000099999999975 0.00000000099999999975 0.00000000099999999975 0.00000000099999999975 
0.00000000099999999972 0.00000000099999999972 0.00000000099999999972 0.99999999000000006077 0.00000000099999999972 0.00000000099999999972 0.00000000099999999972 0.00000000099999999972 0.00000000099999999972 0.00000000099999999972 0.00000000099999999972 
0.00000000099999999967 0.00000000099999999967 0.00000000099999999967 0.99999999000000017180 0.00000000099999999967 0.00000000099999999967 0.00000000099999999967 0.00000000099999999967 0.00000000099999999967 0.00000000099999999967 0.00000000099999999967 
0.00000000099999999971 0.00000000099999999971 0.00000000099999999971 0.99999999000000006077 0.00000000099999999971 0.00000000099999999971 0.00000000099999999971 0.00000000099999999971 0.00000000099999999971 0.00000000099999999971 0.00000000099999999971 
0.00000000099999999986 0.00000000099999999986 0.00000000099999999986 0.99999999000000017180 0.00000000099999999986 0.00000000099999999986 0.00000000099999999986 0.00000000099999999986 0.00000000099999999986 0.00000000099999999986 0.00000000099999999986 
0.04771960370930912465 0.00000000099999999999 0.00229740066004252607 0.20340767146795651898 0.10091744460131812922 0.01766859625978516035 0.01164408073358207292 0.00000000099999999999 0.00871146727583979423 0.08182191677231631655 0.52581181651985042791 
0.03633149602172100479 0.00000000099999999999 0.00000000099999999999 0.21653977897692025523 0.09710565402698217996 0.01865287180449063179 0.00000000099999999999 0.00000000099999999999 0.00000000099999999999 0.08681943211301473839 0.54455076205687114044 
0.05018219589113877971 0.00801309150648791234 0.00304852359162867273 0.19818607042739791457 0.10509824044586016378 0.02549314408868522119 0.00000000100000000000 0.00000044941446440751 0.00420821518924756940 0.09776684404370664105 0.50800322440138268032 
0.05529395508646436225 0.00000000099999999998 0.00000000099999999998 0.20258745120297227960 0.10423776253419719806 0.03119471533286177073 0.00000000099999999998 0.00000000099999999998 0.00000000099999999998 0.07997198968612861947 0.52671412115737559212 
0.05158324369783113400 0.00000000099999999999 0.00000000099999999999 0.22353597222756282914 0.09718001028965982113 0.02653793468517119322 0.00363372072178254476 0.00000000099999999999 0.00000000099999999999 0.08654217935185770649 0.51098693502613468098 
0.01868601975243991062 0.00000000099999999999 0.00072129855431915860 0.21583961685676184006 0.09402962650152169033 0.02174004627768159545 0.00000000099999999999 0.00000000099999999999 0.00000000099999999999 0.06612067124780061922 0.58286271680947498997 
0.00441112660259784101 0.00098335839395695293 0.00337658809969754864 0.23441290707314393904 0.09969383388874065999 0.03509945534313368282 0.00013882516896845617 0.02526276475865743554 0.00577497242521890931 0.07812206199697900588 0.51272410624890563113 
0.05201246894321693431 0.00370424860569141569 0.00000000099999999999 0.23237819519618627129 0.09072265148193583983 0.02696939987286294665 0.00003748276636083779 0.00000000099999999999 0.00000000099999999999 0.09273397506902880671 0.50144157506471687125 
0.03092022979962096366 0.00001352345913134053 0.00000000100000000000 0.22047434037512458893 0.09845776522393326347 0.03701402634992130569 0.00704728855099354384 0.00000000100000000000 0.00000001670655494292 0.08541477481148047890 0.52065803272323940565 
0.03706252138973503696 0.00000000099999999999 0.00000000099999999999 0.22379465802940651242 0.09554412939185778775 0.03291844688815598330 0.00000000099999999999 0.00000000099999999999 0.00000000099999999999 0.06167857315540310748 0.54900166614544143595 
0.04693214941340036889 0.00026949056636974667 0.00000000100000000000 0.24231218903409143528 0.08825674938973035455 0.03852971588195861635 0.00000000100000000000 0.00060688250217507279 0.00000000100000000000 0.08186835989847550399 0.50122446031379874753 
0.06398475592876524953 0.00562457594497341867 0.00000000100000000000 0.21435153094997400069 0.09273461086881655546 0.03313860575141607673 0.00000003207104868798 0.02487507814778422421 0.00000000100000000000 0.09003339851552089046 0.47525740982170083804 
0.04334596873111074694 0.00000000100000000000 0.00000000100000000000 0.20298715043595710883 0.07537237437533517159 0.03460295368754087025 0.00141528583841309466 0.02197233970218021026 0.00000012551314824932 0.13255550518457423492 0.48774829453174017857 
0.04477357357319324688 0.00000000099999999999 0.00000000099999999999 0.23052018580300770445 0.09723556916759233670 0.03088006413272039244 0.00000074769327869354 0.04658423477996731510 0.00734655044914327409 0.06664864924537113045 0.47601042315572583696 
0.05792517856208380389 0.01570995436424259956 0.00049914272027356925 0.21004075287879894751 0.07750429876625909709 0.02573374224095239388 0.00913119109583382035 0.01159299655685281163 0.00000000100000000000 0.08032172804354886786 0.51154101377115412941 
0.06627448517187600752 0.00000000100000000000 0.00341369501079075589 0.20908707972542420195 0.09191765131184882753 0.03378112526428015544 0.00000000100000000000 0.00052979631292664133 0.00000000188480183908 0.09168301524281943782 0.50331314807523208632 
0.05373197944465279291 0.00002075532738286077 0.00000000100000000000 0.20984685134194144829 0.08376197312689252772 0.04646082413424126867 0.00000160050851129832 0.00000000100000000000 0.00262130828071213901 0.09552689320463716993 0.50802781263102858578 
0.01966581424630582664 0.00607616515736251854 0.00271055329018119471 0.23882122668580474389 0.08253261708356823823 0.04018718384587197101 0.00029341708351833567 0.00042307755639991258 0.00797871561909286632 0.07971279642984407943 0.52159843300205022132 
0.07171595075615265491 0.00000000100000000000 0.00636151505716335466 0.19636315582532867796 0.09098488828836867603 0.03250391123701643764 0.00003971220572353111 0.00294176343715100075 0.01551556949687406262 0.10102255972976656451 0.48255097296645488303 
0.03274195349789455617 0.00561683298259419914 0.00000000100000000000 0.27372903979744211966 0.08257303119946493575 0.04492924677119817384 0.01168959640157377425 0.00457929887105573002 0.00000000100000000000 0.07487186828124714477 0.46926913019752930500 
0.08957182568119176347 0.00905033986345718869 0.00820065940733890643 0.03655696967867917702 0.12463815469340051856 0.03780229039170718980 0.00941092336188916953 0.07058824918028000495 0.00334486655394452062 0.05934160019523221363 0.55149412099287931088 
0.08571991596561036320 0.02856208719217991424 0.00885409169752308066 0.01677223845982813225 0.10058616814850521171 0.04839855062661710394 0.02665503395202658762 0.08982436306423981220 0.00082354355790483543 0.07013375318622869226 0.52367025414933632277 
0.11362590771752026364 0.00077727007599578881 0.00847395526823919130 0.02052278273352740184 0.10277217196427168577 0.06177677887207181501 0.01703771817665022600 0.06005008254263712042 0.00000000100000000000 0.07457196173150756890 0.54039136991757896755 
0.12619718037720337178 0.01386612114313575533 0.00003316844403831696 0.00681842901710709697 0.11346863649009442110 0.04287654300265850843 0.00463093237249946610 0.07224472325774537740 0.01128582765602669999 0.07107260840963877668 0.53750582982985228853 
0.09162834023573594722 0.00000000100000000000 0.01032258959744284180 0.02556555673037510384 0.11853861204025238629 0.04193605060053032935 0.03102071085781199500 0.05395318451546847471 0.01280690314424653108 0.07308367502799342774 0.54114437625014299993 
0.11879584193720355012 0.00000000100000000000 0.00879643609194572657 0.00000024257785346730 0.12997168158993213649 0.04581384628407143139 0.00000183195338535742 0.05447005528359016857 0.02385146577847251440 0.07549726585616070573 0.54280133164738486595 
0.11812522226333915798 0.00322072201603820687 0.00479605099298447725 0.00648334987483683255 0.10939860978583158813 0.05096603045098898471 0.01930960050245567397 0.07991137974870038407 0.00563266444870585362 0.09809689891368687797 0.50405947100243198022 
0.10996312501197300082 0.00000001189493236296 0.00562697435034774287 0.02073299189224664732 0.11604027306643645290 0.05772310049970984236 0.02111775093768462896 0.08455755450589669264 0.01630160985657324452 0.07077240546933484533 0.49716420251486453941 
0.09493879718521100464 0.00000000100000000000 0.00000000100000000000 0.02860760143990228113 0.13811879672114307782 0.03497368233541155169 0.01507620568456800869 0.06775904064854396114 0.01147965302183385182 0.07492691100775686341 0.53411930995562950653 
0.08306029852702383198 0.01127982648310146656 0.00211664267813072926 0.01192190292477610103 0.11637439725296101767 0.05810943533905386232 0.02225995073399802959 0.08695009599675905532 0.00828212736120364189 0.09255469901541302225 0.50709062368757917838 
0.10921902242403851158 0.00328454591909743557 0.00485208945059414400 0.00832522592945183354 0.12548813702940453396 0.04807761689255560245 0.01143979002292500567 0.07499847634142790820 0.00591924569004694760 0.08165425954403295050 0.52674159075642512651 
0.09226215987016113396 0.00000000100000000000 0.00553312534389329910 0.03926040919778980148 0.10032566849026879063 0.04761377132560537517 0.00556654235022224948 0.04382431160910847667 0.00481112129398900221 0.07312012659077506138 0.58768276292818677486 
0.11653363899011011384 0.00944190348019144192 0.00000000100000000000 0.02644579004396751740 0.12032028980376278937 0.07093536578257561565 0.02268632787717936306 0.04199733074811608929 0.01125661555485472920 0.06264826624291719437 0.51773447047632514817 
0.09118049221249092950 0.00855872868431131577 0.00000000100000000000 0.01959147208147433636 0.11607162563991937909 0.04845832575099474904 0.00920780886145274383 0.09143723775834557144 0.01464651274794426944 0.07824861165740350233 0.52259918360566315343 
0.13908273956170166819 0.00000000100000000000 0.01130461821425083474 0.01004478236354558983 0.09287942315993875930 0.06574481880568051884 0.01932997136680777994 0.08960205383065472651 0.00199433735768157934 0.07035230761722498227 0.49966494672251343667 
0.09820725094593844851 0.00000000100000000000 0.00174799694399352542 0.00968260653315127645 0.10671031895739221951 0.06207878259502810220 0.02406354147294116272 0.07621142680847041440 0.01205561608481882027 0.08563887985412853288 0.52360357880413754827 
0.12264915426439579327 0.00263621120462829246 0.00000000100000000000 0.01819528994557992677 0.12178804223264637352 0.05545096629612158295 0.00854632348590141262 0.07078071362291202262 0.01197656505412424653 0.07681008068660236110 0.51116665220708812356 
0.11324091393748389467 0.00344724514205463958 0.00705827822048240780 0.00573163422793487691 0.11576394749385272853 0.04789916179806825991 0.01856897620187666562 0.08537979833449621525 0.01062350007480028155 0.07549822944824631510 0.51678831512070377840 
0.10393867242347519519 0.00378119365772238781 0.01185441769418728135 0.00379692855392953308 0.11001157303259335996 0.08128377180597246010 0.03852434200451877733 0.04124703353385453936 0.02311916951050535518 0.06535887053796499147 0.51708402724527602334 
0.11314739317806410401 0.00720936722065918661 0.00004052724029444897 0.00760955795977706195 0.12915595228313528353 0.06286351168022906444 0.03170269176586764520 0.03309746451506376252 0.00615214327480356239 0.07775362295714076388 0.53126776792496510637 
0.00000000099999999974 0.00000000099999999974 0.00000000099999999974 0.00000000099999999974 0.00000000099999999974 0.99999999000000006077 0.00000000099999999974 0.00000000099999999974 0.00000000099999999974 0.00000000099999999974 0.00000000099999999974 
0.00000000099999999968 0.00000000099999999968 0.00000000099999999968 0.00000000099999999968 0.00000000099999999968 0.99999999000000006077 0.00000000099999999968 0.00000000099999999968 0.00000000099999999968 0.00000000099999999968 0.00000000099999999968 
0.00000000099999999976 0.00000000099999999976 0.00000000099999999976 0.00000000099999999976 0.00000000099999999976 0.99999999000000017180 0.00000000099999999976 0.00000000099999999976 0.00000000099999999976 0.00000000099999999976 0.00000000099999999976 
0.00000000099999999972 0.00000000099999999972 0.00000000099999999972 0.00000000099999999972 0.00000000099999999972 0.99999999000000017180 0.00000000099999999972 0.00000000099999999972 0.00000000099999999972 0.00000000099999999972 0.00000000099999999972 
0.00000000099999999970 0.00000000099999999970 0.00000000099999999970 0.00000000099999999970 0.00000000099999999970 0.99999999000000017180 0.00000000099999999970 0.00000000099999999970 0.00000000099999999970 0.00000000099999999970 0.00000000099999999970 
0.00000000099999999973 0.00000000099999999973 0.00000000099999999973 0.00000000099999999973 0.00000000099999999973 0.99999999000000017180 0.00000000099999999973 0.00000000099999999973 0.00000000099999999973 0.00000000099999999973 0.00000000099999999973 
0.00000000099999999976 0.00000000099999999976 0.00000000099999999976 0.00000000099999999976 0.00000000099999999976 0.99999999000000006077 0.00000000099999999976 0.00000000099999999976 0.00000000099999999976 0.00000000099999999976 0.00000000099999999976 
0.00000000099999999970 0.00000000099999999970 0.00000000099999999970 0.00000000099999999970 0.00000000099999999970 0.99999999000000006077 0.00000000099999999970 0.00000000099999999970 0.00000000099999999970 0.00000000099999999970 0.00000000099999999970 
0.00000000099999999974 0.00000000099999999974 0.00000000099999999974 0.00000000099999999974 0.00000000099999999974 0.99999999000000017180 0.00000000099999999974 0.00000000099999999974 0.00000000099999999974 0.00000000099999999974 0.00000000099999999974 
0.00000000099999999970 0.00000000099999999970 0.00000000099999999970 0.00000000099999999970 0.00000000099999999970 0.99999999000000017180 0.00000000099999999970 0.00000000099999999970 0.00000000099999999970 0.00000000099999999970 0.00000000099999999970 
0.00000000099999999962 0.00000000099999999962 0.00000000099999999962 0.00000000099999999962 0.99999999000000017180 0.00000000099999999962 0.00000000099999999962 0.00000000099999999962 0.00000000099999999962 0.00000000099999999962 0.00000000099999999962 
0.00000000099999999976 0.00000000099999999976 0.00000000099999999976 0.00000000099999999976 0.99999999000000006077 0.00000000099999999976 0.00000000099999999976 0.00000000099999999976 0.00000000099999999976 0.00000000099999999976 0.00000000099999999976 
0.00000000099999999972 0.00000000099999999972 0.00000000099999999972 0.00000000099999999972 0.99999999000000006077 0.00000000099999999972 0.00000000099999999972 0.00000000099999999972 0.00000000099999999972 0.00000000099999999972 0.00000000099999999972 
0.00000000099999999971 0.00000000099999999971 0.00000000099999999971 0.00000000099999999971 0.99999999000000017180 0.00000000099999999971 0.00000000099999999971 0.00000000099999999971 0.00000000099999999971 0.00000000099999999971 0.00000000099999999971 
0.00000000099999999967 0.00000000099999999967 0.00000000099999999967 0.00000000099999999967 0.99999999000000006077 0.00000000099999999967 0.00000000099999999967 0.00000000099999999967 0.00000000099999999967 0.00000000099999999967 0.00000000099999999967 
0.00000000099999999979 0.00000000099999999979 0.00000000099999999979 0.00000000099999999979 0.99999999000000006077 0.00000000099999999979 0.00000000099999999979 0.00000000099999999979 0.00000000099999999979 0.00000000099999999979 0.00000000099999999979 
0.00000000099999999974 0.00000000099999999974 0.00000000099999999974 0.00000000099999999974 0.99999999000000006077 0.00000000099999999974 0.00000000099999999974 0.00000000099999999974 0.00000000099999999974 0.00000000099999999974 0.00000000099999999974 
0.00000000099999999961 0.00000000099999999961 0.00000000099999999961 0.00000000099999999961 0.99999999000000017180 0.00000000099999999961 0.00000000099999999961 0.00000000099999999961 0.00000000099999999961 0.00000000099999999961 0.00000000099999999961 
0.00000000099999999976 0.00000000099999999976 0.00000000099999999976 0.00000000099999999976 0.99999999000000017180 0.00000000099999999976 0.00000000099999999976 0.00000000099999999976 0.00000000099999999976 0.00000000099999999976 0.00000000099999999976 
0.00000000099999999964 0.00000000099999999964 0.00000000099999999964 0.00000000099999999964 0.99999999000000017180 0.00000000099999999964 0.00000000099999999964 0.00000000099999999964 0.00000000099999999964 0.00000000099999999964 0.00000000099999999964 
0.16946810260438957552 0.00000000100000000000 0.00298646164824935756 0.00000000100000000000 0.11185074758843245590 0.03674108695102874800 0.00000000100000000000 0.02290723027127242531 0.00175409019748314879 0.04857027154806443925 0.60572200619107985364 
0.14733468442972000312 0.00000000099999999999 0.00000000099999999999 0.00000000099999999999 0.13724307594694384882 0.03695835933736744960 0.00000000099999999999 0.02654630407144183482 0.00000000099999999999 0.04738318363074255773 0.60453438758378408302 
0.18226022960072726931 0.00000000099999999999 0.00000000099999999999 0.00000000099999999999 0.10142186531048255627 0.03546707752460510898 0.00000000099999999999 0.00033804092027593679 0.01100284276011639917 0.05200901290006128969 0.61750092698373160172 
0.17378792149952757007 0.00000000099999999999 0.00000000099999999999 0.00000004161001674677 0.10129588725029969876 0.04113269862157680617 0.00000000099999999999 0.00000000099999999999 0.00000000099999999999 0.06238588254612994349 0.62139756347244923251 
0.16573399222608148351 0.00000000099999999999 0.00000000099999999999 0.00000000099999999999 0.12738116240932165213 0.03089323346224490466 0.00000000099999999999 0.00856128137980322577 0.00000000871270451679 0.05577567798409938105 0.61165463982574463930 
0.14224165918474437897 0.00000000099999999998 0.00000000099999999998 0.00000000099999999998 0.12031917424343230305 0.02764558412112276195 0.00000000099999999998 0.00000000099999999998 0.00000000099999999998 0.05955175803283132424 0.65024181841786921066 
0.13641113544776584110 0.00000000099999999999 0.00536502008714544436 0.01076948545094390773 0.11025273007336801323 0.03706860385333062002 0.00000000099999999999 0.00000000099999999999 0.00000000099999999999 0.06466228536090974643 0.63547073572653622886 
0.20567922629192128547 0.00000000100000000000 0.00000000100000000000 0.00018735248012819396 0.11193912314915177575 0.02679832678012221761 0.00000000100000000000 0.01367231115171156121 0.00351860131342470340 0.02638129060861137826 0.61182376522492887272 
0.15277159366682746544 0.00000000099999999999 0.00000000099999999999 0.01674266502500495676 0.09169431095409083521 0.01527252345290239753 0.00000000099999999999 0.02278660044956747066 0.00293728925826408941 0.05573971061201570681 0.64205530358132711921 
0.11223550989199479466 0.00000000099999999999 0.00000000099999999999 0.02462450868584757993 0.09926652685079462302 0.04839784903231809238 0.00000000099999999999 0.03422721552475217061 0.00000000099999999999 0.04980372002590346264 0.63144466598838933091 
0.14443955553609399978 0.00000000099999999999 0.00000000099999999999 0.02024074770973994034 0.11192018185596772084 0.01738124736152398334 0.00000000099999999999 0.00000011136549060323 0.00000000099999999999 0.04373718438832777805 0.66228096778285583390 
0.18513472621422363829 0.00000000100000000000 0.00000000100000000000 0.00169472345415387854 0.08917869589211512016 0.01531977141902602334 0.00000000100000000000 0.00000000100000000000 0.01310822432531393023 0.02521014028667130022 0.67035371440849600422 
0.16196633775270466438 0.00000000100000000000 0.00000000100000000000 0.01585760477348217845 0.08481881652594565335 0.01855504064714581444 0.00194071539700213882 0.01304341975071610440 0.01241656552186374933 0.04851578723703518087 0.64288571039410447039 
0.12558682166027981819 0.00000000099999999999 0.00000000099999999999 0.01315239472397335824 0.10706651349377233062 0.02397510651262871328 0.00531620765066408412 0.00000000099999999999 0.00150270691232032207 0.06651802073718682262 0.65688222530917450559 
0.12509724668262900416 0.00007348207649584114 0.00000000099999999999 0.03043407977068906395 0.08491653469018708988 0.04098424662939852137 0.00000000099999999999 0.01539375820965422845 0.00000000099999999999 0.03370324962460657936 0.66939739931633956971 
0.17028398732556238038 0.00000000099999999999 0.00000000099999999999 0.00000010597381056904 0.08319468240241963131 0.01912932385086401482 0.00000000868431377734 0.01372003443420361998 0.01778972161527545698 0.04854811172387454854 0.64733402198967604502 
0.15683978106111373663 0.00000000099999999999 0.00021570266396421463 0.00000000099999999999 0.10529614282844311501 0.01400177269482914127 0.00000000099999999999 0.00855941312756963377 0.00000000099999999999 0.05376989880474205424 0.66131728481933815811 
0.17296539831367849227 0.00000000099999999999 0.00000000099999999999 0.00000000099999999999 0.08671419668149005222 0.02050266725799769138 0.00000010095226638327 0.02284676413723725832 0.00000000099999999999 0.05562301733606262594 0.64134785132126759244 
0.06555727740804431769 0.00416686586872737005 0.00000000099999999999 0.00198564178563307141 0.09535268987271551533 0.04152083896942432295 0.00116833156555725499 0.08686972329897800493 0.00000000099999999999 0.03585410122926844384 0.66752452800165162916 
0.00857083682424482698 0.00000000099999999999 0.00000000099999999999 0.00000000099999999999 0.09712988133517469480 0.03915384367643209851 0.00000000099999999999 0.08900197021843135603 0.00000000099999999999 0.02647416780135353892 0.73966929514436341453 
0.05941348055755475005 0.00000000099999999999 0.00000000099999999999 0.00000000099999999999 0.09716626652572363243 0.04418847256186653888 0.00000000099999999999 0.07275177211422789725 0.00035228197867019428 0.01210897420169501811 0.71401874806026199849 
0.01413375394567352797 0.00000000374106387018 0.00000000100000000000 0.00001930181739906283 0.10850029894049004198 0.03776212879828448610 0.00024815857135431841 0.07615498353932856346 0.00000000100000000000 0.05053284699256941487 0.71264852165383674176 
0.05529184107336583553 0.00000000099999999999 0.00000000099999999999 0.00000000099999999999 0.10332824154786678095 0.03532914192108786711 0.00000000099999999999 0.11107579720043894711 0.00000000099999999999 0.03700467588788433626 0.65797029736935619404 
0.01423675261842324673 0.00000000099999999999 0.00000000099999999999 0.00000000099999999999 0.08542300267396470137 0.06000153497045154771 0.00000000099999999999 0.10988586764681655683 0.00018919863430652759 0.04800869736978471969 0.68225494208625281356 
0.06553357004981194556 0.00000000099999999999 0.00000000099999999999 0.00000000099999999999 0.10580834713179843032 0.02265519445691595996 0.00752471877177410698 0.07825660146556903674 0.00000000099999999999 0.03259228651827255491 0.68762927760585801362 
0.04336799276805169967 0.01174893887962846252 0.00877198434935584116 0.00776384072202668512 0.07563651157281003901 0.06505045397724423806 0.01313637752027644462 0.05272746234703055285 0.00000000100000000000 0.05271287301149682469 0.66908356385207912176 
0.05447222056206652008 0.00000000100000000000 0.00000000100000000000 0.00006916870261601249 0.08645393877416608641 0.03402195074520743961 0.00174759028383399215 0.09798814422352059017 0.00000000100000000000 0.02317022351404960170 0.70207676019453990612 
0.04575352582987322198 0.00000000099999999999 0.00000000099999999999 0.00000000099999999999 0.10306643930552419897 0.03113311038150670326 0.00000000099999999999 0.09712013183098684721 0.00000000099999999999 0.02790911350142752725 0.69501767415068138600 
0.07099059692857807857 0.01173767966070059753 0.00080445986143645352 0.00665689663223012137 0.09278127821292357635 0.03088007437139094272 0.01290206563948355888 0.07322354361761031216 0.00000000100000000000 0.02632500047707203930 0.67369840359857435796 
0.00000000099999999999 0.00000000099999999999 0.00000000099999999999 0.00000000099999999999 0.10386230163123735815 0.03783142887143436939 0.00000000099999999999 0.08869980254091114347 0.00000000099999999999 0.00102963395500279089 0.76857682700141438659 
0.00000016334922210423 0.00000000099999999999 0.00000000099999999999 0.00000000099999999999 0.09545404378041238980 0.03204894230008861755 0.00000000099999999999 0.03560633712855826999 0.00000000099999999999 0.03297793921805248357 0.80391256922366605142 
0.02691892381418690625 0.00000000099999999999 0.00404758013625114085 0.00000000099999999999 0.10088435656586990097 0.04520601567962705819 0.00000000099999999999 0.07834826991535230600 0.00037497154226164486 0.00938033887703900761 0.73483954046941202254 
0.06139231543644884520 0.00072186457318087159 0.00028458249324375651 0.00032851441801779314 0.07790758668000884180 0.04158357740176184258 0.01117625480966712159 0.05142805131891783899 0.00000000100000000000 0.05347659256666978389 0.70170065930208336269 
0.03627197752736114472 0.00087361855345873083 0.00000000100000000000 0.00215390349022490275 0.09709976489510425968 0.04678554576637301843 0.00000390386160676901 0.08721599752937671257 0.01366372532614477595 0.03915140055438633832 0.67678016149596331719 
0.07942699588802099031 0.00000002722466514324 0.00002184044733771640 0.00000000099999999999 0.09598732020703538981 0.03774347098040284343 0.00000000099999999999 0.05510191512935562475 0.00000000099999999999 0.03319873158458040707 0.69851969553860182582 
0.03280558873568450995 0.00822628290120963265 0.00024211859412513848 0.00000000100000000000 0.10073561342794340456 0.05164492632858169036 0.00000000100000000000 0.09220890384692539965 0.00006937735794125618 0.04081690307492156361 0.67325028373266737614 
0.00422172608193267709 0.00000000099999999999 0.00000000099999999999 0.00000030951221471964 0.08246818426836423355 0.04565184142677766038 0.00000000099999999999 0.05410141258647803431 0.00000000099999999999 0.01389843085836314773 0.79965809126586961941 
0.04899141351152594415 0.00000000099999999999 0.00000000099999999999 0.00210404321621615337 0.08728981910296157443 0.04875126355904728370 0.00000000099999999999 0.11487822005855474750 0.00000000099999999999 0.01841451589345446602 0.67957072065823975748 
0.00000000099999999996 0.00000000099999999996 0.00000000099999999996 0.00000000099999999996 0.00000000099999999996 0.00000000099999999996 0.00000000099999999996 0.00000000099999999996 0.00000000099999999996 0.00000000099999999996 0.99999998999999994975 
0.00000000099999999996 0.00000000099999999996 0.00000000099999999996 0.00000000099999999996 0.00000000099999999996 0.00000000099999999996 0.00000000099999999996 0.00000000099999999996 0.00000000099999999996 0.00000000099999999996 0.99999998999999994975 
0.00000000099999999992 0.00000000099999999992 0.00000000099999999992 0.00000000099999999992 0.00000000099999999992 0.00000000099999999992 0.00000000099999999992 0.00000000099999999992 0.00000000099999999992 0.00000000099999999992 0.99999999000000006077 
0.00000000099999999994 0.00000000099999999994 0.00000000099999999994 0.00000000099999999994 0.00000000099999999994 0.00000000099999999994 0.00000000099999999994 0.00000000099999999994 0.00000000099999999994 0.00000000099999999994 0.99999999000000006077 
0.00000000099999999995 0.00000000099999999995 0.00000000099999999995 0.00000000099999999995 0.00000000099999999995 0.00000000099999999995 0.00000000099999999995 0.00000000099999999995 0.00000000099999999995 0.00000000099999999995 0.99999998999999994975 
0.00000000099999999990 0.00000000099999999990 0.00000000099999999990 0.00000000099999999990 0.00000000099999999990 0.00000000099999999990 0.00000000099999999990 0.00000000099999999990 0.00000000099999999990 0.00000000099999999990 0.99999999000000006077 
0.00000000099999999990 0.00000000099999999990 0.00000000099999999990 0.00000000099999999990 0.00000000099999999990 0.00000000099999999990 0.00000000099999999990 0.00000000099999999990 0.00000000099999999990 0.00000000099999999990 0.99999998999999994975 
0.00000000099999999993 0.00000000099999999993 0.00000000099999999993 0.00000000099999999993 0.00000000099999999993 0.00000000099999999993 0.00000000099999999993 0.00000000099999999993 0.00000000099999999993 0.00000000099999999993 0.99999999000000006077 
0.00000000099999999994 0.00000000099999999994 0.00000000099999999994 0.00000000099999999994 0.00000000099999999994 0.00000000099999999994 0.00000000099999999994 0.00000000099999999994 0.00000000099999999994 0.00000000099999999994 0.99999998999999994975 
0.00000000099999999989 0.00000000099999999989 0.00000000099999999989 0.00000000099999999989 0.00000000099999999989 0.00000000099999999989 0.00000000099999999989 0.00000000099999999989 0.00000000099999999989 0.00000000099999999989 0.99999998999999994975 
0.00000000099999999994 0.00000000099999999994 0.00000000099999999994 0.00000000099999999994 0.00000000099999999994 0.00000000099999999994 0.00000000099999999994 0.00000000099999999994 0.00000000099999999994 0.00000000099999999994 0.99999998999999994975 
0.00000000099999999994 0.00000000099999999994 0.00000000099999999994 0.00000000099999999994 0.00000000099999999994 0.00000000099999999994 0.00000000099999999994 0.00000000099999999994 0.00000000099999999994 0.00000000099999999994 0.99999999000000006077 
0.00000000099999999997 0.00000000099999999997 0.00000000099999999997 0.00000000099999999997 0.00000000099999999997 0.00000000099999999997 0.00000000099999999997 0.00000000099999999997 0.00000000099999999997 0.00000000099999999997 0.99999998999999994975 
0.00000000099999999997 0.00000000099999999997 0.00000000099999999997 0.00000000099999999997 0.00000000099999999997 0.00000000099999999997 0.00000000099999999997 0.00000000099999999997 0.00000000099999999997 0.00000000099999999997 0.99999998999999994975 
0.00000000099999999995 0.00000000099999999995 0.00000000099999999995 0.00000000099999999995 0.00000000099999999995 0.00000000099999999995 0.00000000099999999995 0.00000000099999999995 0.00000000099999999995 0.00000000099999999995 0.99999998999999994975 
0.00000000099999999992 0.00000000099999999992 0.00000000099999999992 0.00000000099999999992 0.00000000099999999992 0.00000000099999999992 0.00000000099999999992 0.00000000099999999992 0.00000000099999999992 0.00000000099999999992 0.99999999000000006077 
0.00000000099999999993 0.00000000099999999993 0.00000000099999999993 0.00000000099999999993 0.00000000099999999993 0.00000000099999999993 0.00000000099999999993 0.00000000099999999993 0.00000000099999999993 0.00000000099999999993 0.99999999000000006077 
0.00000000099999999992 0.00000000099999999992 0.00000000099999999992 0.00000000099999999992 0.00000000099999999992 0.00000000099999999992 0.00000000099999999992 0.00000000099999999992 0.00000000099999999992 0.00000000099999999992 0.99999999000000006077 
0.00000000099999999994 0.00000000099999999994 0.00000000099999999994 0.00000000099999999994 0.00000000099999999994 0.00000000099999999994 0.00000000099999999994 0.00000000099999999994 0.00000000099999999994 0.00000000099999999994 0.99999998999999994975 
0.00000000099999999992 0.00000000099999999992 0.00000000099999999992 0.00000000099999999992 0.00000000099999999992 0.00000000099999999992 0.00000000099999999992 0.00000000099999999992 0.00000000099999999992 0.00000000099999999992 0.99999998999999994975 
0.00000000099999999980 0.00000000099999999980 0.00000000099999999980 0.00000000099999999980 0.00000000099999999980 0.00000000099999999980 0.00000000099999999980 0.00000000099999999980 0.00000000099999999980 0.99999999000000006077 0.00000000099999999980 
0.00000000099999999992 0.00000000099999999992 0.00000000099999999992 0.00000000099999999992 0.00000000099999999992 0.00000000099999999992 0.00000000099999999992 0.00000000099999999992 0.00000000099999999992 0.99999998999999994975 0.00000000099999999992 
0.00000000099999999989 0.00000000099999999989 0.00000000099999999989 0.00000000099999999989 0.00000000099999999989 0.00000000099999999989 0.00000000099999999989 0.00000000099999999989 0.00000000099999999989 0.99999999000000006077 0.00000000099999999989 
0.00000000099999999975 0.00000000099999999975 0.00000000099999999975 0.00000000099999999975 0.00000000099999999975 0.00000000099999999975 0.00000000099999999975 0.00000000099999999975 0.00000000099999999975 0.99999998999999994975 0.00000000099999999975 
0.00000000099999999987 0.00000000099999999987 0.00000000099999999987 0.00000000099999999987 0.00000000099999999987 0.00000000099999999987 0.00000000099999999987 0.00000000099999999987 0.00000000099999999987 0.99999998999999994975 0.00000000099999999987 
0.00000000099999999980 0.00000000099999999980 0.00000000099999999980 0.00000000099999999980 0.00000000099999999980 0.00000000099999999980 0.00000000099999999980 0.00000000099999999980 0.00000000099999999980 0.99999998999999994975 0.00000000099999999980 
0.00000000099999999984 0.00000000099999999984 0.00000000099999999984 0.00000000099999999984 0.00000000099999999984 0.00000000099999999984 0.00000000099999999984 0.00000000099999999984 0.00000000099999999984 0.99999998999999994975 0.00000000099999999984 
0.00000000099999999980 0.00000000099999999980 0.00000000099999999980 0.00000000099999999980 0.00000000099999999980 0.00000000099999999980 0.00000000099999999980 0.00000000099999999980 0.00000000099999999980 0.99999999000000006077 0.00000000099999999980 
0.00000000099999999990 0.00000000099999999990 0.00000000099999999990 0.00000000099999999990 0.00000000099999999990 0.00000000099999999990 0.00000000099999999990 0.00000000099999999990 0.00000000099999999990 0.99999998999999994975 0.00000000099999999990 
0.00000000099999999986 0.00000000099999999986 0.00000000099999999986 0.00000000099999999986 0.00000000099999999986 0.00000000099999999986 0.00000000099999999986 0.00000000099999999986 0.00000000099999999986 0.99999999000000006077 0.00000000099999999986 
0.00000000099999999986 0.00000000099999999986 0.00000000099999999986 0.00000000099999999986 0.00000000099999999986 0.00000000099999999986 0.00000000099999999986 0.00000000099999999986 0.00000000099999999986 0.99999998999999994975 0.00000000099999999986 
0.00000000099999999979 0.00000000099999999979 0.00000000099999999979 0.00000000099999999979 0.00000000099999999979 0.00000000099999999979 0.00000000099999999979 0.00000000099999999979 0.00000000099999999979 0.99999999000000006077 0.00000000099999999979 
