0.00000000099999999998 0.00000000099999999998 0.99999999800000005656 
0.00000000099999999998 0.00000000099999999998 0.99999999799999994554 
0.00000000099999999998 0.00000000099999999998 0.99999999800000005656 
0.00000000099999999999 0.00000000099999999999 0.99999999800000005656 
0.00000000099999999997 0.00000000099999999997 0.99999999799999994554 
0.00000000099999999999 0.00000000099999999999 0.99999999800000005656 
0.00000000100000000000 0.00000000100000000000 0.99999999799999994554 
0.14021180543438760413 0.00000000100000000000 0.85978819356561231313 
0.14551658996623156872 0.01275903855153579479 0.84172437148223255843 
0.13565311963013787500 0.01338370398850789560 0.85096317638135421380 
0.14788516362618064903 0.00896427720995692477 0.84315055916386238977 
0.13760104327469735441 0.00671118323756593211 0.85568777348773672475 
0.14204780120054968928 0.00000000100000000000 0.85795219779945042227 
0.14236593063721403318 0.00493355349436816470 0.85270051586841777436 
0.14914422478837452424 0.00596327482932453284 0.84489250038230090389 
0.13288839389707193805 0.00015901265164768269 0.86695259345128028450 
0.14005241634453235999 0.00000000708769870974 0.85994757656776887877 
0.14739076377460594292 0.00875476574382130085 0.84385447048157269379 
0.15898650102037351073 0.00003564281884877033 0.84097785616077780357 
0.15397959573011868462 0.01095290141414280438 0.83506750285573849713 
0.16024480030905738359 0.01565570837115454889 0.82409949131978810222 
0.14835024263075044515 0.00000002322735897497 0.85164973414189060197 
0.14495650179065072694 0.00529621118179090470 0.84974728702755830678 
0.14849739846069165417 0.01269934124507194652 0.83880326029423646350 
0.14925938461537752167 0.00549195849233978257 0.84524865689228279031 
0.13734370019615727010 0.00000000100000000000 0.86265629880384264716 
0.16318263275449987337 0.00579323384704246835 0.83102413339845759843 
0.06776002453054418007 0.00869987792121848513 0.92354009754823740419 
0.05032497182611486014 0.00599951958910133285 0.94367550858478388420 
0.06377542035191027803 0.00998181368638069791 0.92624276596170906917 
0.06057013860699951568 0.00371370140159901687 0.93571615999140145270 
0.04745571590688070496 0.00150710832734071384 0.95103717576577861958 
0.03644869070902550384 0.00996371929576603775 0.95358758999520853994 
0.06502274159362045336 0.00821386510062213984 0.92676339330575741027 
0.04762254341257129292 0.00493375003650087414 0.94744370655092779998 
0.05406406270038905532 0.00000000100000000000 0.94593593629961103542 
0.05618594169959769541 0.00255598509030302568 0.94125807321009924422 
0.05632363800891458661 0.00365741769328012910 0.94001894429780530338 
0.05676394309644133829 0.00396803868169948865 0.93926801822185923552 
0.05432667370265680667 0.00000699381930276385 0.94566633247804043894 
0.07530268207390307389 0.00000000100000000000 0.92469731692609691276 
0.05912916171591839354 0.00490742502887938324 0.93596341325520227006 
0.06375694185173415296 0.00257641511978100530 0.93366664302848489942 
0.05971109611665369882 0.00000000100000000000 0.94028890288334621150 
0.06848348393672903933 0.00798563153064007353 0.92353088453263076918 
0.07200585940902658189 0.00875991734210406457 0.91923422324886938650 
0.06195741309788894285 0.00453487401615397002 0.93350771288595713049 
0.07443209787086463303 0.01866328261779960987 0.90690461951133582996 
0.07909579913653649874 0.01994657332533712746 0.90095762753812647095 
0.05998010765075720979 0.01922533360721525447 0.92079455874202742471 
0.08658652505945593769 0.00888862274543974692 0.90452485219510436742 
0.08032201719919516980 0.02053542982397046912 0.89914255297683443047 
0.09003581352959474926 0.01900066606835959168 0.89096352040204562783 
0.07928718959765854168 0.01616701088882729898 0.90454579951351410383 
0.09431763553951268142 0.01381257355848226030 0.89186979090200502185 
0.08134667703489510682 0.00746018066404592617 0.91119314230105896701 
0.07537921966060459611 0.01242441927839348266 0.91219636106100199235 
0.07374449922113704425 0.01494423569309398341 0.91131126508576898448 
0.07124483446173097978 0.01668070433900875962 0.91207446119926016692 
0.08621188500011518763 0.00353277392340040465 0.91025534107648442550 
0.08499888113861162053 0.00306112100109712281 0.91193999786029111831 
0.07730756644052075299 0.02252953258365467462 0.90016290097582463137 
0.08036412956483765524 0.01021282045832711677 0.90942304997683520718 
0.08840829248377166105 0.00586551507030515402 0.90572619244592322829 
0.08618568555923246388 0.01752677618589860292 0.89628753825486895401 
0.09939657181002460595 0.02028850872809535508 0.88031491946188011877 
0.08037991750065673346 0.00860791185706862895 0.91101217064227468789 
0.11911748438688769813 0.01358183027155040329 0.86730068534156201654 
0.08881619433665549623 0.00820601855166469898 0.90297778711167986376 
0.08613245509127293031 0.02650428880172262663 0.88736325610700450550 
0.08112810360408626020 0.01930100086663619902 0.89957089552927749221 
0.09850104958115626919 0.01015704947963598330 0.89134190093920773190 
0.09028062113154623758 0.01092450554744255932 0.89879487332101126729 
0.09740449635136569362 0.01800315937156810042 0.88459234427706612269 
0.09585410671331222321 0.01502146710772078904 0.88912442617896692010 
0.08520131668101244005 0.01736681373140688822 0.89743186958758069949 
0.09225050798984181510 0.01030009297069498127 0.89744939903946319149 
0.01529275094061428170 0.00114028916872233347 0.98356695989066333929 
0.02691950925913180401 0.00962734216466715718 0.96345314857620112381 
0.03359614161620316786 0.00420777515368915209 0.96219608323010774598 
0.02487905690484888341 0.00650123208992039060 0.96861971100523069911 
0.01610102534427371515 0.00884858931966649512 0.97505038533605981055 
0.04040291903627003800 0.00369275733482663134 0.95590432362890331852 
0.03528873395576712785 0.00213119559426758632 0.96258007044996529711 
0.01991504547328704772 0.00588889415017274966 0.97419606037654016273 
0.03840689852693811301 0.00373436142148929340 0.95785874005157256583 
0.02802502604357259494 0.00000000100000000000 0.97197497295642742987 
0.08130395028929814083 0.01579009904660808039 0.90290595066409384817 
0.06682115646744726800 0.00912753317112822461 0.92405131036142440504 
0.09020928556742344173 0.00908623458033660548 0.90070447985223989207 
0.06547230615224623740 0.00437769269776842711 0.93015000114998536151 
0.07594713274121582536 0.01059671700279953173 0.91345615025598458914 
0.06123730499085564688 0.00021948551458651273 0.93854320949455782852 
0.05299885429238202633 0.01080232850797383827 0.93619881719964415101 
0.09041765031719289913 0.01112349380977584352 0.89845885587303131459 
0.08092947959820352699 0.00604831231336171952 0.91302220808843459476 
0.06593384104163318993 0.00226309368579407635 0.93180306527257272808 
0.05830227272199548644 0.00839443893140942934 0.93330328834659503912 
0.08668321517589522296 0.01446746155582317311 0.89884932326828159699 
0.08627311219700663225 0.01155686559285528173 0.90217002221013808949 
0.06865636915484513159 0.00400050620886909652 0.92734312463628576495 
0.06410157546745275103 0.00401121602335202058 0.93188720850919526395 
0.09415117803786771100 0.00075511426198060158 0.90509370770015173946 
0.06107918141018130187 0.01317391953013360636 0.92574689905968510217 
0.06868727886379055736 0.00637988429912043215 0.92493283683708904519 
0.05791049670972581859 0.00559970987917493210 0.93648979341109928054 
0.05157192778411497092 0.00404640717204446734 0.94438166504384046807 
0.07578976618758438699 0.01401156671007863785 0.91019866710233698903 
0.04867263280558274674 0.01044321090841762896 0.94088415628599963991 
0.06606404219293915414 0.00960133220970072615 0.92433462559736012665 
0.07131632467639166528 0.00849939494266162450 0.92018428038094668420 
0.06336023767788213912 0.00500900190478102865 0.93163076041733683397 
0.06347490046193354774 0.01943041422434059473 0.91709468531372584366 
0.06581814484337025761 0.00841588183499799788 0.92576597332163168552 
0.06843722608304762811 0.00904003883102756471 0.92252273508592474993 
0.06101258359608237314 0.01296485956594876920 0.92602255683796885766 
0.04833979119895139703 0.01124021514138587828 0.94041999365966277846 
0.05525425917261572728 0.00973393229584406001 0.93501180853154020056 
0.07707952612038894424 0.01743379894340252312 0.90548667493620849100 
0.06142824301511762286 0.01248843392510037668 0.92608332305978202648 
0.09009121947252077267 0.00327823319766378353 0.90663054732981540607 
0.05157156944511138985 0.01250918117537642635 0.93591924937951220809 
0.06924301940608862393 0.01045019947024930160 0.92030678112366204324 
0.05173664377618551052 0.00560420744190001305 0.94265914878191459092 
0.07637943179225592516 0.00216081419295659520 0.92145975401478741329 
0.03614623821733756875 0.00441585363809752097 0.95943790814456497706 
0.04656836681613991946 0.00252682568771701692 0.95090480749614314515 
0.02709457319308829909 0.00694732092744478665 0.96595810587946695502 
0.02918460477710414433 0.00002505000425565015 0.97079034521864027152 
0.02738442289176703723 0.00121869633166784143 0.97139688077656516363 
0.03508147641903678476 0.00000173170610747592 0.96491679187485579483 
0.02978887789190563795 0.00220357126572852044 0.96800755084236589365 
0.01982950400193100524 0.00000000100000000000 0.98017049499806896407 
0.03377618233281196036 0.00461083187383947834 0.96161298579334852921 
0.02715756840486899595 0.00268215869474259508 0.97016027290038830966 
0.04222313970535832711 0.00334393984475122750 0.95443292044989047618 
0.02995729573385090896 0.00458320252276461174 0.96545950174338435179 
0.04031502203139360196 0.00255860730833181935 0.95712637066027461685 
0.03606322274199085659 0.00407207491754581034 0.95986470234046328276 
0.00000563006099068915 0.01008632049264071052 0.98990804944636856533 
0.01938237584013727255 0.00471453940751348673 0.97590308475234932573 
0.03594468546398661007 0.00125591676976829353 0.96279939776624501313 
0.02462370468191752912 0.00000000100000000000 0.97537629431808248182 
0.02640333717575039235 0.00000000100000000000 0.97359666182424953185 
0.02734052765533481755 0.00639510442939412831 0.96626436791527103853 
0.00000000099999999997 0.00000000099999999997 0.99999999799999994554 
0.00000000099999999998 0.00000000099999999998 0.99999999799999994554 
0.00000000099999999998 0.00000000099999999998 0.99999999799999994554 
0.00000000099999999998 0.00000000099999999998 0.99999999800000005656 
0.00000000099999999998 0.00000000099999999998 0.99999999799999994554 
0.00000000099999999998 0.00000000099999999998 0.99999999799999994554 
0.00000000099999999998 0.00000000099999999998 0.99999999799999994554 
0.00000000099999999998 0.00000000099999999998 0.99999999800000005656 
0.00000000099999999998 0.00000000099999999998 0.99999999799999994554 
0.00000000099999999998 0.00000000099999999998 0.99999999800000005656 
0.00000000099999999999 0.00000000099999999999 0.99999999799999994554 
0.00000000099999999998 0.00000000099999999998 0.99999999800000005656 
0.00000000099999999998 0.00000000099999999998 0.99999999800000005656 
0.00000000099999999998 0.00000000099999999998 0.99999999800000005656 
0.00000000099999999998 0.00000000099999999998 0.99999999799999994554 
0.00000000099999999997 0.00000000099999999997 0.99999999799999994554 
0.00000000099999999998 0.00000000099999999998 0.99999999799999994554 
0.00000000099999999997 0.00000000099999999997 0.99999999799999994554 
0.00000000099999999999 0.00000000099999999999 0.99999999799999994554 
0.00000000099999999998 0.00000000099999999998 0.99999999799999994554 
0.08991690053276225891 0.00553311216889627172 0.90454998729834146243 
0.08704265250837611712 0.00984627532953286609 0.90311107216209085546 
0.08043708498140024477 0.00705894739631766650 0.91250396762228214165 
0.05932364918042316165 0.01024380332322797314 0.93043254749634884959 
0.07953815486673246338 0.00197946517726003274 0.91848237995600745531 
0.09504826427708243375 0.01179357606923834081 0.89315815965367917340 
0.07568818184047952646 0.00850213287928935045 0.91580968528023110053 
0.09884478122664830391 0.00651009077180295624 0.89464512800154882832 
0.09736972380818019468 0.00713080711429637908 0.89549946907752342451 
0.07557866840757392068 0.00934229817275150295 0.91507903341967455901 
0.00000000099999999992 0.99999999800000005656 0.00000000099999999992 
0.00000000099999999990 0.99999999799999994554 0.00000000099999999990 
0.00000000099999999992 0.99999999800000005656 0.00000000099999999992 
0.00000000099999999991 0.99999999799999994554 0.00000000099999999991 
0.00000000099999999990 0.99999999799999994554 0.00000000099999999990 
0.00000000099999999988 0.99999999799999994554 0.00000000099999999988 
0.00000000099999999990 0.99999999799999994554 0.00000000099999999990 
0.00000000099999999992 0.99999999800000005656 0.00000000099999999992 
0.00000000099999999989 0.99999999800000005656 0.00000000099999999989 
0.00000000099999999991 0.99999999799999994554 0.00000000099999999991 
0.00000000099999999990 0.99999999800000005656 0.00000000099999999990 
0.00000000099999999990 0.99999999800000005656 0.00000000099999999990 
0.00000000099999999990 0.99999999799999994554 0.00000000099999999990 
0.00000000099999999991 0.99999999799999994554 0.00000000099999999991 
0.00000000099999999991 0.99999999799999994554 0.00000000099999999991 
0.00000000099999999989 0.99999999799999994554 0.00000000099999999989 
0.00000000099999999992 0.99999999800000005656 0.00000000099999999992 
0.00000000099999999993 0.99999999799999994554 0.00000000099999999993 
0.00000000099999999992 0.99999999799999994554 0.00000000099999999992 
0.00000000099999999990 0.99999999799999994554 0.00000000099999999990 
0.99999999800000005656 0.00000000099999999994 0.00000000099999999994 
0.99999999800000005656 0.00000000099999999996 0.00000000099999999996 
0.99999999799999994554 0.00000000099999999995 0.00000000099999999995 
0.99999999800000005656 0.00000000099999999996 0.00000000099999999996 
0.99999999799999994554 0.00000000099999999994 0.00000000099999999994 
0.99999999800000005656 0.00000000099999999995 0.00000000099999999995 
0.99999999799999994554 0.00000000099999999995 0.00000000099999999995 
0.99999999800000005656 0.00000000099999999994 0.00000000099999999994 
0.99999999799999994554 0.00000000099999999994 0.00000000099999999994 
0.99999999800000005656 0.00000000099999999994 0.00000000099999999994 
0.99999999800000005656 0.00000000099999999995 0.00000000099999999995 
0.99999999799999994554 0.00000000099999999996 0.00000000099999999996 
0.99999999800000005656 0.00000000099999999996 0.00000000099999999996 
0.99999999799999994554 0.00000000099999999995 0.00000000099999999995 
0.99999999800000005656 0.00000000099999999995 0.00000000099999999995 
0.99999999799999994554 0.00000000099999999995 0.00000000099999999995 
0.99999999800000005656 0.00000000099999999994 0.00000000099999999994 
0.99999999799999994554 0.00000000099999999993 0.00000000099999999993 
0.99999999799999994554 0.00000000099999999995 0.00000000099999999995 
0.99999999800000005656 0.00000000099999999995 0.00000000099999999995 
0.99999999800000005656 0.00000000099999999997 0.00000000099999999997 
0.99999999800000005656 0.00000000099999999998 0.00000000099999999998 
0.99999999800000005656 0.00000000099999999998 0.00000000099999999998 
0.99999999799999994554 0.00000000099999999999 0.00000000099999999999 
0.99999999799999994554 0.00000000099999999998 0.00000000099999999998 
0.99999999799999994554 0.00000000099999999998 0.00000000099999999998 
0.99999999799999994554 0.00000000099999999998 0.00000000099999999998 
0.99999999800000005656 0.00000000099999999997 0.00000000099999999997 
0.99999999800000005656 0.00000000099999999997 0.00000000099999999997 
0.99999999799999994554 0.00000000099999999997 0.00000000099999999997 
0.99999999800000005656 0.00000000099999999997 0.00000000099999999997 
0.99999999800000005656 0.00000000099999999998 0.00000000099999999998 
0.99999999800000005656 0.00000000099999999998 0.00000000099999999998 
0.99999999800000005656 0.00000000099999999998 0.00000000099999999998 
0.99999999799999994554 0.00000000099999999996 0.00000000099999999996 
0.99999999799999994554 0.00000000099999999997 0.00000000099999999997 
0.99999999800000005656 0.00000000099999999998 0.00000000099999999998 
0.99999999799999994554 0.00000000099999999997 0.00000000099999999997 
0.99922670391200507645 0.00000000100000000000 0.00077329508799492300 
0.99999999799999994554 0.00000000099999999999 0.00000000099999999999 
0.19681102349236889726 0.00000023234914137038 0.80318874415848984238 
0.19019735498146864150 0.01409500563864238970 0.79570763937988908676 
0.16995143662818981700 0.00797819569840623431 0.82207036767340402328 
0.19398197964471328159 0.01381520826602376274 0.79220281208926301986 
0.17984402000662064181 0.00000640477959667878 0.82014957521378273331 
0.19015507991755092876 0.00000000100000000000 0.80984491908244915503 
0.18127251443694858413 0.01061146512359884345 0.80811602043945252039 
0.20372958327613166496 0.01050048881597945641 0.78576992790788879883 
0.20334967402036099871 0.00741362292200465831 0.78923670305763438115 
0.20271005451166745903 0.00000150395325445400 0.79728844153507805181 
0.19401225385603759754 0.00474932767534126058 0.80123841846862120519 
0.19852040478567556381 0.00010574041399000837 0.80137385480033451746 
0.18925332420681290069 0.00802613115315600756 0.80272054464003106400 
0.20150059988865115512 0.00957058508085946620 0.78892881503048939429 
0.17519345706430566878 0.00911265574153523675 0.81569388719415913958 
0.18611923406992283980 0.01376617356338312448 0.80011459236669402184 
0.20798915131103701270 0.00642214210162207321 0.78558870658734092363 
0.18007049537905733816 0.01519645614153937452 0.80473304847940330120 
0.19666078367029102281 0.00608506750908654505 0.79725414882062239919 
0.17984581803060964433 0.01116443905550614304 0.80898974291388425772 
0.19819948875605172822 0.00445292675412468399 0.79734758448982367973 
0.20033731804268140042 0.02128608460186472151 0.77837659735545394746 
0.19722862590916093173 0.01876860966363070801 0.78400276442720839842 
0.20299153482335238752 0.01661070226821734566 0.78039776290843021478 
0.19088966629703499334 0.01350364093774280086 0.79560669276522222315 
0.19752008251177735620 0.01432678405986191443 0.78815313342836068600 
0.20430581836082076230 0.02169807213572746626 0.77399610950345187899 
0.19076569388537636951 0.01633236286060882336 0.79290194325401475162 
0.18679962822389667432 0.01832248073868032734 0.79487789103742301222 
0.18639359886076314887 0.00691694861938828894 0.80668945251984847111 
0.18653271064920973199 0.01368485602221729616 0.79978243332857290593 
0.19788996349488541249 0.01330614634203343243 0.78880389016308105621 
0.18841758077861320286 0.01501573499934729695 0.79656668422203946722 
0.20763836883502004294 0.00929663463062073946 0.78306499653435923669 
0.20247738093772452150 0.01661296360680906622 0.78090965545546642268 
0.18671875937221782404 0.01260526006844092141 0.80067598055934130485 
0.18382904236690011945 0.01460849044739756172 0.80156246718570234311 
0.19464281235860234065 0.01782177264049075727 0.78753541500090684657 
0.19635630084318606015 0.01921121050093632654 0.78443248865587755780 
0.19232902758979195101 0.01876299859056769145 0.78890797381964039570 
0.19167739918729087556 0.01387632916534241659 0.79444627164736680847 
0.18375862032526413259 0.02717903104015143706 0.78906234863458446505 
0.19718056580662612909 0.01878037997466849504 0.78403905421870534465 
0.19031417260958563564 0.01652019021867343063 0.79316563717174082271 
0.17536731517118936408 0.01414931225615700429 0.81048337257265357092 
0.16959194685198025754 0.02313508195355624616 0.80727297119446339568 
0.19187714459199173289 0.01293407852806864947 0.79518877687993949621 
0.18160915400092511596 0.01771149057245333114 0.80067935542662149739 
0.16882715603472792099 0.02394174807767017812 0.80723109588760189048 
0.18536544255147657800 0.01777487365186067661 0.79685968379666272110 
0.17257699681557547855 0.01824842285811041631 0.80917458032631417453 
0.18549743586409231377 0.02043792325393606682 0.79406464088197159512 
0.17988231282295971680 0.02526985740741059458 0.79484782976962964351 
0.19831892083179752939 0.03657859717080390316 0.76510248199739860908 
0.19241525701032127782 0.03346073207086381479 0.77412401091881477555 
0.21508471448308938423 0.03531279954544683242 0.74960248597146383887 
0.20997291452118904687 0.03313080789275239108 0.75689627758605859675 
0.19934798029463060565 0.03468274961243712762 0.76596927009293225286 
0.19874364119764295622 0.02982471140679709282 0.77143164739555991627 
0.19867573532546517479 0.03524361183686936655 0.76608065283766546560 
0.21112533124783469662 0.03305374693924338636 0.75582092181292204192 
0.20586420922333600880 0.03364915414473975547 0.76048663663192417328 
0.20929128940424299166 0.03732619282707386882 0.75338251776868314646 
0.19659357336783878090 0.03966389292048629750 0.76374253371167488691 
0.21629467351570952349 0.05359982935126614279 0.73010549713302430597 
0.22062820459245660598 0.04047657626610321607 0.73889521914144029591 
0.20591518422900603746 0.02981686424217128845 0.76426795152882254225 
0.20025844081219479342 0.03208801820379692665 0.76765354098400828686 
0.19160264675704422044 0.03783487441364852266 0.77056247882930717363 
0.19769782586541076452 0.03567352092366408989 0.76662865321092499293 
0.19747778255680892290 0.03763629679760570335 0.76488592064558535988 
0.20694587611015380357 0.02706941588751876626 0.76598470800232743017 
0.19461913475868117263 0.04007807772780808131 0.76530278751351077382 
0.20587600861493940418 0.03057056627444994581 0.76355342511061052857 
0.21628057821133511718 0.03185537957220975491 0.75186404221645519730 
0.20503318603058157121 0.03581790912313714131 0.75914890484628128053 
0.19492619157876078795 0.04395143764060192859 0.76112237078063726958 
0.17710352343957480592 0.03325181045809936370 0.78964466610232586508 
0.18786831139307466620 0.03401223958064995140 0.77811944902627538934 
0.20129925467636788916 0.03667991763341304362 0.76202082769021906028 
0.21376204979388091498 0.03787162462535819535 0.74836632558076088273 
0.19992345780973760916 0.04102231348484085272 0.75905422870542149649 
0.19002335077098866933 0.03916239711159287540 0.77081425211741849690 
0.18621968112524275862 0.03832155935705707644 0.77545875951770015799 
0.19961645043975501101 0.04430684668170516843 0.75607670287853989688 
0.18439263025642180227 0.03832283462902343757 0.77728453511455475322 
0.18950583181757862938 0.03894410674626650609 0.77155006143615478820 
0.20537485591589615952 0.03685577883554114892 0.75776936524856264299 
0.21637927627475883607 0.03615777702796773435 0.74746294669727342264 
0.19463586249628553326 0.03311408752511167675 0.77225004997860280387 
0.20584560569862928037 0.03632553481475066237 0.75782885948662004338 
0.20956707963258661143 0.04174152999694089039 0.74869139037047249818 
0.19081592350999160290 0.04424557849625869455 0.76493849799374979970 
0.18959128522322540866 0.03441610339095893534 0.77599261138581565600 
0.19612447697680793213 0.03940531920136213645 0.76447020382182995224 
0.18329414583094791324 0.02833733592083072239 0.78836851824822140600 
0.19291497812426822156 0.03789847760035398860 0.76918654427537780371 
0.19289898477949266042 0.04467480107679266954 0.76242621414371469779 
0.17980725750782591832 0.03616892904468560488 0.78402381344748850456 
0.18664719834664006415 0.03748024809468558649 0.77587255355867434936 
0.17665588798890968780 0.03994484775105552887 0.78339926426003481108 
0.19060880930337917305 0.03493309404609303698 0.77445809665052767201 
0.20741763441349980734 0.04055991598459870312 0.75202244960190145484 
