0.00000000099999999997 0.00000000099999999997 0.00000000099999999997 0.99999999699999997382 
0.00000000099999999997 0.00000000099999999997 0.00000000099999999997 0.99999999700000008485 
0.00000000099999999997 0.00000000099999999997 0.00000000099999999997 0.99999999699999997382 
0.00000000099999999999 0.00000000099999999999 0.00000000099999999999 0.99999999700000008485 
0.00000000099999999995 0.00000000099999999995 0.00000000099999999995 0.99999999699999997382 
0.00000000099999999999 0.00000000099999999999 0.00000000099999999999 0.99999999699999997382 
0.00000000099999999999 0.00000000099999999999 0.00000000099999999999 0.99999999700000008485 
0.45638613415170359300 0.00000000100000000000 0.06757388726377124011 0.47603997758452520905 
0.44840178370532934871 0.00768416425275660758 0.07744822638548701232 0.46646582565642719098 
0.45510702841483752223 0.00832986193328749333 0.06521810743908967867 0.47134500221278535781 
0.43656628165859867607 0.00454220537610690745 0.08034649918559033654 0.47854501377970420917 
0.46517988229402434941 0.00211876624444323584 0.06350211813719258691 0.46919923332433982610 
0.46498980107093851322 0.00000000100000000000 0.07005396744244431206 0.46495623048661705035 
0.48055742335134526977 0.00012993696496504140 0.06945575537055852233 0.44985688431313125557 
0.45294669876555149202 0.00085182091301033225 0.08127473517343597464 0.46492674514800219621 
0.45805511857327774194 0.00000000100000000000 0.06309438829304822582 0.47885049213367403276 
0.44611169103394954227 0.00000000100000000000 0.07237232474987527475 0.48151598321617516962 
0.46783397110113844608 0.00409732891012892699 0.07345689271361874328 0.45461180727511385502 
0.46401716221700006759 0.00000312457064073705 0.08555705873974701892 0.45042265447261214950 
0.45667394913987274796 0.00498267347229382294 0.08356988662899270115 0.45477349075884082596 
0.43409645656816270298 0.01107624483709839999 0.09038222061403264340 0.46444507798070627791 
0.45323913427607298576 0.00000000100000000000 0.07892722929170935264 0.46783363543221762049 
0.45519721075142716149 0.00147201587950623598 0.07520881442888092960 0.46812195894018565623 
0.44211929632332197526 0.00798889356410793262 0.08356996556891772843 0.46632184454365244175 
0.46711314177336893394 0.00003058769792922000 0.07535365792034645627 0.45750261260835545229 
0.45762929122157153250 0.00000000100000000000 0.07121351826175814637 0.47115718951667046044 
0.45074479450851018258 0.00103987741143202130 0.09007618133911413083 0.45813914674094369239 
0.17067485555578915113 0.00692232934018978830 0.04038449567401888873 0.78201831943000210678 
0.18847301786945272473 0.00261141363848842395 0.02037097138930689388 0.78854459710275182083 
0.17011196773221745615 0.00689764334687414330 0.03535737463707432776 0.78763301428383414304 
0.15332349145191695450 0.00137497530943087140 0.03388837131495788663 0.81141316192369428162 
0.19240252461476320400 0.00000083291023452130 0.01393658281187510999 0.79366005966312713760 
0.17231963675631029043 0.00777654283639648072 0.00835783385656473435 0.81154598655072851532 
0.18935717031379228903 0.00659053390550524282 0.03197023758210457839 0.77208205819859787589 
0.20090737152795221099 0.00215812121072694743 0.01522101267996466695 0.78171349458135608312 
0.18645883434508858656 0.00000002653646972990 0.02394427862261790801 0.78959686049582378242 
0.16638042902480307261 0.00000382952197580586 0.02621096195302485138 0.80740477950019629017 
0.20125455926157512221 0.00093283305208619104 0.02466794060202224040 0.77314466708431639486 
0.21011007541074525062 0.00147526203367522382 0.02354385238011347248 0.76487081017546609818 
0.17332247662591981907 0.00003850592409243725 0.02459047786201740138 0.80204853958797039937 
0.20624617796771008149 0.00000000100000000000 0.04257076697134951765 0.75118305406094032506 
0.21951472694702769961 0.00372812532706733382 0.02080281808721776496 0.75595432963868725018 
0.18545381221146475803 0.00188376414349078827 0.03202480560535780202 0.78063761803968656494 
0.17669223852033560940 0.00000000100000000000 0.02874405956881366866 0.79456370091085071206 
0.19649757819408333881 0.00549918694347937241 0.03658934450004012323 0.76141389036239714994 
0.18354468876572505032 0.00751210081746856578 0.04118661796595583097 0.76775659245085059457 
0.21669836292926109023 0.00215015732401571550 0.02660287349423876013 0.75454860625248443284 
0.20530968569933119583 0.01653555348682898482 0.04026757987493122248 0.73788718093890859340 
0.23944556942240374786 0.01761629338147696969 0.03670045529976110471 0.70623768189635816039 
0.21290532586441227036 0.01763855914634208932 0.02330938849854156253 0.74614672649070401533 
0.20699550674528272021 0.00755748423424195803 0.04906166472111981453 0.73638534429935553760 
0.19675032260766334158 0.01843620096924195734 0.04454940049515866002 0.74026407592793608270 
0.16614310585706773549 0.01727567901018472324 0.06175085773202972778 0.75483035740071779962 
0.19806121307849541835 0.01329255989731297979 0.04415254218537922187 0.74449368483881239733 
0.20640423093631399265 0.01182848138492449686 0.05750931330148656428 0.72425797437727490458 
0.18834144518171638816 0.00484834578925844202 0.04736114304665720032 0.75944906598236794348 
0.20821351468370849491 0.01054824898096186521 0.04074925800898101386 0.74048897832634863470 
0.19388593480456092766 0.01329117735800728652 0.03925774798644954960 0.75356513985098227959 
0.18962607672358106070 0.01432482575659140521 0.03966827356105800256 0.75638082395876959918 
0.22005667484936053402 0.00051724732090561792 0.04737228089301804418 0.73205379693671579489 
0.20482677772721835652 0.00019061410317487237 0.05021541106922260134 0.74476719710038419286 
0.20503503085979954412 0.02058460123193241176 0.04435659340074913498 0.73002377450751887444 
0.20302814831643617444 0.00861166232641152884 0.04503484177087827695 0.74332534758627399896 
0.20004495592051921293 0.00313063845659325999 0.05216908544898972433 0.74465532017389779451 
0.20387510117511914443 0.01573301663069302803 0.05133735818608018558 0.72905452400810755176 
0.21032834096969679760 0.01911953055313003400 0.06103472367197373266 0.70951740480519942533 
0.20869808482836760266 0.00725780831882426661 0.04590441799007627388 0.73813968886273184644 
0.27204089457278518571 0.01098007842747648725 0.06964565332869482317 0.64733337367104348825 
0.27615217434143801700 0.00515368680703646737 0.03959705449296919283 0.67909708435855631325 
0.26702992880927506336 0.02387971900763078206 0.03813891558752248445 0.67095143659557177074 
0.27181442106156594729 0.01631388218320087638 0.03248742555525219178 0.67938427119998101578 
0.27671040981200706321 0.00725617767634983892 0.04930527275328608350 0.66672813975835709677 
0.27066547077163238821 0.00784331789550185218 0.04258877672856618141 0.67890243460429955391 
0.26670100668889751283 0.01578456977561685723 0.04868744056591232244 0.66882698296957321382 
0.26379005681518363780 0.01306638485698479075 0.04937146839788202068 0.67377208992994952474 
0.26929635363208553889 0.01532724792456132898 0.03858795066241244021 0.67678844778094082724 
0.27526409358698711305 0.00684841129324110717 0.04315337648283269767 0.67473411863693910639 
0.13421612056727746931 0.00000000100000000000 0.00000000100000000000 0.86578387743272267052 
0.13974567983542951488 0.00771481793709363067 0.00146937037491330202 0.85107013185256363830 
0.13172865913520676040 0.00049470252267632862 0.00910193304212818244 0.85867470529998868312 
0.11244322206599208225 0.00283715474004319658 0.00557881871795315974 0.87914080447601150592 
0.10528711028994074128 0.00734502026348246746 0.00003563628976376948 0.88733223315681297727 
0.13686805837175991529 0.00136341878791080228 0.01453036970809521745 0.84723815313223416190 
0.12397491615174378865 0.00000006394976480548 0.01322724533467259204 0.86279777456381889778 
0.12312393209998506727 0.00166567301986820615 0.00056732691289479551 0.87464306796725199700 
0.13995486551731003977 0.00068084794108342163 0.01161368326143186712 0.84775060328017470823 
0.12646739285548602716 0.00001514032166283944 0.00421053147896674994 0.86930693534388447929 
0.17628829042365473656 0.01409888783750406528 0.04983782003546408795 0.75977500170337708418 
0.17391135558262704741 0.00530143423534659274 0.03565805780550251880 0.78512915237652380895 
0.14359223971256787622 0.00599990700567635746 0.06357036263164751733 0.78683749065010821777 
0.18347173394536012148 0.00149034696601116107 0.03281757924902238555 0.78222033983960626013 
0.16244062062729108797 0.00826813956286432013 0.04637978919306593589 0.78291145061677869244 
0.15574095400275647649 0.00000000100000000000 0.03215696886123720760 0.81210207613600637888 
0.15057524440734429416 0.01033940464386447905 0.02653097708443133765 0.81255437386435991343 
0.18968186055554400737 0.00810930896050135290 0.05682338449115077739 0.74538544599280387448 
0.16125296326431148852 0.00246356601632734176 0.05438856178942718528 0.78189490892993407378 
0.18226859707599374349 0.00018151020903178886 0.03570181787031879994 0.78184807484465557170 
0.16944815366980997551 0.00474174739964155871 0.02836877328005935409 0.79744132565048908567 
0.16985732169453612861 0.01103202154365455837 0.05930772621557762331 0.75980293054623160298 
0.18353687739306634441 0.00800042795895839626 0.05571985205715348360 0.75274284259082180348 
0.17261473560842185981 0.00163776221037221733 0.04142478299634596434 0.78432271918486007323 
0.18298277330290135811 0.00092044769100527570 0.03417169993987347748 0.78192507906621988578 
0.17272311121647637711 0.00000008118397687191 0.06536017131553195636 0.76191663628401473662 
0.15295620610353824476 0.01156943471060412065 0.03581967143171485568 0.79965468775414283442 
0.19329927066280297443 0.00328958423902658446 0.03640030523039114452 0.76701083986777940371 
0.20849905074062891064 0.00340665126141062894 0.02016990622763314978 0.76792439177032734143 
0.17847612145765329172 0.00020455540770670329 0.02098553587796648731 0.80033378725667347897 
0.16927990636532930235 0.01023268533214529569 0.04564345874150441823 0.77484394956102109475 
0.17645928625968732018 0.00738011244212815991 0.01741417806929881906 0.79874642322888567136 
0.18044259053432870621 0.00704553592392767429 0.03401089710043116859 0.77850097644131244223 
0.16989467876481850750 0.00659598519192865825 0.04141243145102487672 0.78209690459222791503 
0.19147848392279642749 0.00154639419156627975 0.03135137996640326857 0.77562374191923399991 
0.19550564319231880650 0.01836415889675742028 0.02660441591601059655 0.75952578199491316280 
0.19437210518256900493 0.00530529674343307306 0.03234252680616567927 0.76798007126783218723 
0.18077108877868830472 0.00778743321941262594 0.03761046710063966486 0.77383101090125938626 
0.21707569442495350254 0.01018113469273393586 0.02144990991576218448 0.75129326096655046907 
0.17537859743051392725 0.00899213376260073888 0.01791634191599592377 0.79771292689088946215 
0.14406006780808619516 0.00771618599549610783 0.02817249538905575168 0.82005125080736207543 
0.15771222412041110972 0.01546806959753465466 0.04902287206670117442 0.77779683421535306120 
0.17614019140971420851 0.01025124954253192611 0.03038270891874422092 0.78322585012900958201 
0.18179727134710738090 0.00026373362028110831 0.05782739105426755455 0.76011160397834398594 
0.18146801479622506892 0.00901893006887946949 0.02038871625355621539 0.78912433888133926008 
0.18303261011864166430 0.00801588703681551176 0.03705181946238757934 0.77189968338215519950 
0.16413798601379794850 0.00152691452575808950 0.02145051871861647017 0.81288458074182745605 
0.18321844802336226254 0.00000001704544228233 0.04317494605527898849 0.77360658887591648991 
0.16529438092123491244 0.00041322057486512388 0.00648256807106884370 0.82780983043283118405 
0.14049913315167614214 0.00000885465484141860 0.01995197252474564462 0.83954003966873680387 
0.14971272172869193318 0.00213674501014203457 0.00148602871314707950 0.84666450454801900349 
0.15249643494708131630 0.00000012803312175984 0.00089969932928224980 0.84660373769051466830 
0.16572492594148496847 0.00000000100000000000 0.00002408782781379010 0.83425098523070129186 
0.13739646213236084149 0.00000000100000000000 0.01222184295296960613 0.85038169391466966740 
0.14263378754732278231 0.00000076946965436838 0.00364879297569641308 0.85371665000732643858 
0.14183874325434661645 0.00000000099999999999 0.00000030523125729561 0.85816095051439622576 
0.16416148928926677097 0.00028803435642105055 0.00595887653876734074 0.82959159981554486674 
0.12661849988174667114 0.00000020366598012880 0.00421632548697804376 0.86916497096529521382 
0.15573157336569626308 0.00000254880342059117 0.01754080963561070738 0.82672506819527236122 
0.15617623509047043329 0.00265798388848498051 0.00428799504646459710 0.83687778597458006846 
0.16473812283555938629 0.00000019993563793878 0.01117600832652436947 0.82408566890227830104 
0.14844206561902431596 0.00232219154584836166 0.01117611277191725427 0.83805963006321004816 
0.14192926967544988726 0.00527110217092799111 0.00000000100000000000 0.85279962715362223058 
0.12686754293707791508 0.00128882794090000199 0.00000016084827863732 0.87184346827374348265 
0.13553051954421904690 0.00000000100000000000 0.01019148890561416901 0.85427799055016673258 
0.13272042313085088971 0.00000000100000000000 0.00015101186309090484 0.86712856400605808904 
0.16062217122038402461 0.00000000100000000000 0.00013873641636288881 0.83923909136325303137 
0.14321760132571090263 0.00272345717007430564 0.00375950917498086429 0.85029943232923399510 
0.00000000099999999996 0.00000000099999999996 0.00000000099999999996 0.99999999699999997382 
0.00000000099999999997 0.00000000099999999997 0.00000000099999999997 0.99999999699999997382 
0.00000000099999999997 0.00000000099999999997 0.00000000099999999997 0.99999999700000008485 
0.00000000099999999996 0.00000000099999999996 0.00000000099999999996 0.99999999700000008485 
0.00000000099999999996 0.00000000099999999996 0.00000000099999999996 0.99999999699999997382 
0.00000000099999999996 0.00000000099999999996 0.00000000099999999996 0.99999999700000008485 
0.00000000099999999996 0.00000000099999999996 0.00000000099999999996 0.99999999699999997382 
0.00000000099999999996 0.00000000099999999996 0.00000000099999999996 0.99999999699999997382 
0.00000000099999999997 0.00000000099999999997 0.00000000099999999997 0.99999999700000008485 
0.00000000099999999996 0.00000000099999999996 0.00000000099999999996 0.99999999700000008485 
0.00000000099999999997 0.00000000099999999997 0.00000000099999999997 0.99999999700000008485 
0.00000000099999999996 0.00000000099999999996 0.00000000099999999996 0.99999999700000008485 
0.00000000099999999996 0.00000000099999999996 0.00000000099999999996 0.99999999700000008485 
0.00000000099999999995 0.00000000099999999995 0.00000000099999999995 0.99999999699999997382 
0.00000000099999999996 0.00000000099999999996 0.00000000099999999996 0.99999999700000008485 
0.00000000099999999994 0.00000000099999999994 0.00000000099999999994 0.99999999700000008485 
0.00000000099999999996 0.00000000099999999996 0.00000000099999999996 0.99999999700000008485 
0.00000000099999999995 0.00000000099999999995 0.00000000099999999995 0.99999999700000008485 
0.00000000099999999997 0.00000000099999999997 0.00000000099999999997 0.99999999700000008485 
0.00000000099999999996 0.00000000099999999996 0.00000000099999999996 0.99999999700000008485 
0.20558393312715592116 0.00164129745626583447 0.05343502577358857919 0.73933974364298971071 
0.20286474980980159777 0.00687092015850541190 0.05347875968095471000 0.73678557035073821702 
0.19901870408614449892 0.00558974485935038751 0.04721871362894840968 0.74817283742555673598 
0.18714249708066663103 0.00841630954314712826 0.02810614128188510669 0.77633505209430120342 
0.18916076790297023380 0.00009349010920965654 0.04789454498635077606 0.76285119700146930555 
0.22159075334862843309 0.00843905145756474080 0.05737409392596410501 0.71259610126784278528 
0.18546623338059400887 0.00692013704848726176 0.04244831696057586173 0.76516531261034292921 
0.21431191187925668906 0.00436455931894922690 0.06098896594560046514 0.72033456285619357207 
0.21003030167273659123 0.00406737055381426425 0.05811106923777554362 0.72779125853567372406 
0.21135682564234095637 0.00738076567762804142 0.04048215651059134529 0.74078025216943976794 
0.00000000099999999988 0.99999999700000008485 0.00000000099999999988 0.00000000099999999988 
0.00000000099999999985 0.99999999700000008485 0.00000000099999999985 0.00000000099999999985 
0.00000000099999999987 0.99999999700000008485 0.00000000099999999987 0.00000000099999999987 
0.00000000099999999987 0.99999999699999997382 0.00000000099999999987 0.00000000099999999987 
0.00000000099999999985 0.99999999700000008485 0.00000000099999999985 0.00000000099999999985 
0.00000000099999999983 0.99999999700000008485 0.00000000099999999983 0.00000000099999999983 
0.00000000099999999986 0.99999999700000008485 0.00000000099999999986 0.00000000099999999986 
0.00000000099999999989 0.99999999699999997382 0.00000000099999999989 0.00000000099999999989 
0.00000000099999999984 0.99999999700000008485 0.00000000099999999984 0.00000000099999999984 
0.00000000099999999987 0.99999999699999997382 0.00000000099999999987 0.00000000099999999987 
0.00000000099999999985 0.99999999699999997382 0.00000000099999999985 0.00000000099999999985 
0.00000000099999999985 0.99999999699999997382 0.00000000099999999985 0.00000000099999999985 
0.00000000099999999985 0.99999999700000008485 0.00000000099999999985 0.00000000099999999985 
0.00000000099999999986 0.99999999700000008485 0.00000000099999999986 0.00000000099999999986 
0.00000000099999999986 0.99999999700000008485 0.00000000099999999986 0.00000000099999999986 
0.00000000099999999984 0.99999999699999997382 0.00000000099999999984 0.00000000099999999984 
0.00000000099999999988 0.99999999700000008485 0.00000000099999999988 0.00000000099999999988 
0.00000000099999999989 0.99999999700000008485 0.00000000099999999989 0.00000000099999999989 
0.00000000099999999988 0.99999999699999997382 0.00000000099999999988 0.00000000099999999988 
0.00000000099999999985 0.99999999700000008485 0.00000000099999999985 0.00000000099999999985 
0.00000000099999999991 0.00000000099999999991 0.99999999699999997382 0.00000000099999999991 
0.00000000099999999994 0.00000000099999999994 0.99999999699999997382 0.00000000099999999994 
0.00000000099999999993 0.00000000099999999993 0.99999999699999997382 0.00000000099999999993 
0.00000000099999999993 0.00000000099999999993 0.99999999699999986280 0.00000000099999999993 
0.00000000099999999992 0.00000000099999999992 0.99999999699999986280 0.00000000099999999992 
0.00000000099999999993 0.00000000099999999993 0.99999999699999997382 0.00000000099999999993 
0.00000000099999999993 0.00000000099999999993 0.99999999699999997382 0.00000000099999999993 
0.00000000099999999992 0.00000000099999999992 0.99999999699999986280 0.00000000099999999992 
0.00000000099999999991 0.00000000099999999991 0.99999999699999997382 0.00000000099999999991 
0.00000000099999999992 0.00000000099999999992 0.99999999699999997382 0.00000000099999999992 
0.00000000099999999992 0.00000000099999999992 0.99999999699999997382 0.00000000099999999992 
0.00000000099999999994 0.00000000099999999994 0.99999999699999997382 0.00000000099999999994 
0.00000000099999999994 0.00000000099999999994 0.99999999699999986280 0.00000000099999999994 
0.00000000099999999993 0.00000000099999999993 0.99999999699999997382 0.00000000099999999993 
0.00000000099999999992 0.00000000099999999992 0.99999999699999997382 0.00000000099999999992 
0.00000000099999999993 0.00000000099999999993 0.99999999699999997382 0.00000000099999999993 
0.00000000099999999991 0.00000000099999999991 0.99999999699999986280 0.00000000099999999991 
0.00000000099999999991 0.00000000099999999991 0.99999999699999986280 0.00000000099999999991 
0.00000000099999999993 0.00000000099999999993 0.99999999699999997382 0.00000000099999999993 
0.00000000099999999992 0.00000000099999999992 0.99999999699999997382 0.00000000099999999992 
0.00000000099999999997 0.00000000099999999997 0.99999999699999997382 0.00000000099999999997 
0.00000000099999999997 0.00000000099999999997 0.99999999699999986280 0.00000000099999999997 
0.00000000099999999997 0.00000000099999999997 0.99999999699999997382 0.00000000099999999997 
0.00000000099999999998 0.00000000099999999998 0.99999999699999997382 0.00000000099999999998 
0.00000000099999999997 0.00000000099999999997 0.99999999699999986280 0.00000000099999999997 
0.00000000099999999998 0.00000000099999999998 0.99999999699999986280 0.00000000099999999998 
0.00000000099999999997 0.00000000099999999997 0.99999999699999986280 0.00000000099999999997 
0.00000000099999999996 0.00000000099999999996 0.99999999699999986280 0.00000000099999999996 
0.00000000099999999996 0.00000000099999999996 0.99999999699999997382 0.00000000099999999996 
0.00000000099999999996 0.00000000099999999996 0.99999999699999986280 0.00000000099999999996 
0.00000000099999999996 0.00000000099999999996 0.99999999699999997382 0.00000000099999999996 
0.00000000099999999997 0.00000000099999999997 0.99999999699999986280 0.00000000099999999997 
0.00000000099999999996 0.00000000099999999996 0.99999999699999997382 0.00000000099999999996 
0.00000000099999999998 0.00000000099999999998 0.99999999699999997382 0.00000000099999999998 
0.00000000099999999995 0.00000000099999999995 0.99999999699999997382 0.00000000099999999995 
0.00000000099999999996 0.00000000099999999996 0.99999999699999997382 0.00000000099999999996 
0.00000000099999999997 0.00000000099999999997 0.99999999699999986280 0.00000000099999999997 
0.00000000099999999997 0.00000000099999999997 0.99999999699999997382 0.00000000099999999997 
0.01788987638988051923 0.00000000099999999999 0.98211012161011945754 0.00000000099999999999 
0.00902432924638280412 0.00000000099999999999 0.99097566875361720040 0.00000000099999999999 
0.99999999699999997382 0.00000000099999999997 0.00000000099999999997 0.00000000099999999997 
0.99999999699999997382 0.00000000099999999995 0.00000000099999999995 0.00000000099999999995 
0.99999999700000008485 0.00000000099999999996 0.00000000099999999996 0.00000000099999999996 
0.99999999699999997382 0.00000000099999999994 0.00000000099999999994 0.00000000099999999994 
0.99999999700000008485 0.00000000099999999994 0.00000000099999999994 0.00000000099999999994 
0.99999999700000008485 0.00000000099999999992 0.00000000099999999992 0.00000000099999999992 
0.99999999699999997382 0.00000000099999999994 0.00000000099999999994 0.00000000099999999994 
0.99999999699999997382 0.00000000099999999995 0.00000000099999999995 0.00000000099999999995 
0.99999999699999997382 0.00000000099999999997 0.00000000099999999997 0.00000000099999999997 
0.99999999699999997382 0.00000000099999999996 0.00000000099999999996 0.00000000099999999996 
0.99999999699999997382 0.00000000099999999993 0.00000000099999999993 0.00000000099999999993 
0.99999999699999997382 0.00000000099999999994 0.00000000099999999994 0.00000000099999999994 
0.99999999699999997382 0.00000000099999999995 0.00000000099999999995 0.00000000099999999995 
0.99999999700000008485 0.00000000099999999994 0.00000000099999999994 0.00000000099999999994 
0.99999999699999997382 0.00000000099999999994 0.00000000099999999994 0.00000000099999999994 
0.99999999700000008485 0.00000000099999999995 0.00000000099999999995 0.00000000099999999995 
0.99999999700000008485 0.00000000099999999997 0.00000000099999999997 0.00000000099999999997 
0.99999999699999997382 0.00000000099999999995 0.00000000099999999995 0.00000000099999999995 
0.99999999700000008485 0.00000000099999999994 0.00000000099999999994 0.00000000099999999994 
0.99999999700000008485 0.00000000099999999995 0.00000000099999999995 0.00000000099999999995 
0.99999999699999997382 0.00000000099999999995 0.00000000099999999995 0.00000000099999999995 
0.99999999699999997382 0.00000000099999999999 0.00000000099999999999 0.00000000099999999999 
0.99999999700000008485 0.00000000099999999999 0.00000000099999999999 0.00000000099999999999 
0.99564942248788057544 0.00000000099999999999 0.00435057551211950801 0.00000000099999999999 
0.99999999699999997382 0.00000000099999999999 0.00000000099999999999 0.00000000099999999999 
0.99999999700000008485 0.00000000099999999999 0.00000000099999999999 0.00000000099999999999 
0.99999999700000008485 0.00000000099999999999 0.00000000099999999999 0.00000000099999999999 
0.99999999700000008485 0.00000000099999999999 0.00000000099999999999 0.00000000099999999999 
0.99183670877114527009 0.00000000099999999999 0.00000000099999999999 0.00816328922885471188 
0.99999982593765723848 0.00000000099999999999 0.00000000099999999999 0.00000017206234271427 
0.99999999699999997382 0.00000000099999999999 0.00000000099999999999 0.00000000099999999999 
0.99999905594517735086 0.00000000100000000000 0.00000083210469684210 0.00000011095012593969 
0.98031579930136125700 0.00000000100000000000 0.00000000189603078546 0.01968419780260795282 
0.99999999700000008485 0.00000000099999999999 0.00000000099999999999 0.00000000099999999999 
0.99831467017211328319 0.00000000100000000000 0.00167721487507749181 0.00000811395280921754 
0.99999999700000008485 0.00000000099999999999 0.00000000099999999999 0.00000000099999999999 
0.99997250913739776923 0.00000000099999999999 0.00000000099999999999 0.00002748886260236941 
0.99044127477865073761 0.00007422328741128817 0.00945142901720451810 0.00003307291673344558 
0.99988910120331819797 0.00011024889322145404 0.00000054765940744979 0.00000010224405288001 
0.99999999699999997382 0.00000000099999999999 0.00000000099999999999 0.00000000099999999999 
0.99999999700000008485 0.00000000099999999998 0.00000000099999999998 0.00000000099999999998 
0.84047064987613961939 0.01200685172899742734 0.02468699074795844065 0.12283550764690454038 
0.84043211062741518536 0.00671773199001621420 0.04009535842923390297 0.11275479895333470615 
0.83583267877231715026 0.00012924868584077658 0.03599720831104957774 0.12804086423079244494 
0.83481122939491081425 0.00006033101591338599 0.02681645648228324699 0.13831198310689254982 
0.86214480503003998457 0.00618935842482395190 0.00302241068118866505 0.12864342586394750256 
0.87667056105109597564 0.00000029188138251998 0.02346392034334628465 0.09986522672417527668 
0.82721915581546934249 0.00058283860420235548 0.02316300566232276995 0.14903499991800545077 
0.83081631524619348195 0.00717255676213621966 0.01292145758626674079 0.14908967040540349602 
0.86075510145486699987 0.00451369441292669149 0.02576289789685526702 0.10896830623535105897 
0.85642360057304234289 0.00379566571693582336 0.01672827543908839143 0.12305245827093347355 
0.89219008614506267740 0.00003163622363335077 0.00720708558858837792 0.10057119204271555701 
0.82359520048929368841 0.01215481158961601200 0.02668884858391776596 0.13756113933717262210 
0.43071032024246108660 0.03125832432260170629 0.12053586238191638103 0.41749549305302086077 
0.42298562006788031908 0.02856289096174216210 0.12020042433376390556 0.42825106463661366529 
0.42675368558541476594 0.02938728781635183834 0.13180814443263130786 0.41205088216560198378 
0.41151205101829851918 0.02851047842639964705 0.13682346102357378914 0.42315400953172799259 
0.40644480983512015770 0.03036403259388282400 0.12379357420915934607 0.43939758336183770693 
0.42228753190350937219 0.02402542315554699603 0.12271095107094533161 0.43097609386999835568 
0.42473484707530023696 0.03022714890128369580 0.12324780822823261373 0.42179019579518350902 
0.42581709182126087354 0.02746797040765707257 0.13247859516202811769 0.41423634260905395355 
0.42659302136193466559 0.02845396205860288574 0.12584347359572647940 0.41910954298373592763 
0.42031615397502475329 0.03303552237727557656 0.13555528801216235046 0.41109303563553739602 
0.42245943337256286476 0.03426996739952471033 0.11752483635693591890 0.42574576287097659621 
0.38524202538554958020 0.04906349181218200989 0.14381963386661913984 0.42187484893564930477 
0.42078130150120002240 0.03488239667676815842 0.14369049807919051509 0.40064580374284131103 
0.43836504771825374194 0.02465984958909903449 0.12201828006416849670 0.41495682262847877197 
0.44020264785369234151 0.02728076170463923644 0.12041388024316264371 0.41210271019850580609 
0.44111776892808041151 0.03171406884686046868 0.11397973843976164088 0.41318842378529757609 
0.42749636770348864445 0.03060680089127202491 0.12188270779461415905 0.42001412361062523404 
0.43772191955445793887 0.03276324671397323057 0.11570171392507945518 0.41381311980648949334 
0.44034955271968012624 0.02194906598970605346 0.13024129757512176164 0.40746008371549213845 
0.42822484820061812449 0.03443124184923531533 0.11854190099542939729 0.41880200895471714206 
0.41870395765111217967 0.02550017623656099935 0.12856992325131691435 0.42722594286101001071 
0.41752665403090538643 0.02752538631081047002 0.14069808986302242970 0.41424986979526168263 
0.42729276581148473158 0.02968265464429016218 0.13235681516712757833 0.41066776437709751058 
0.40367577491079348340 0.03959890474059436088 0.12411728817072877062 0.43260803217788351693 
0.45001079675531069357 0.02726469420192676948 0.10239832849051791475 0.42032618055224452158 
0.43561728437721675133 0.02913210223092460235 0.11174142503601344756 0.42350918835584511202 
0.42997233381754856874 0.03197628721634473981 0.12698570293542274512 0.41106567603068394634 
0.42778454223583201044 0.03186960389211665468 0.13584628009122731718 0.40449957378082396220 
0.41998531962573609766 0.03653229946311121329 0.12693820059308338899 0.41654418031806916822 
0.44099936303671516402 0.03315986211111107695 0.11370385183786557715 0.41213692301430820963 
0.41922477546956415928 0.03313027434426982915 0.11254811419977063525 0.43509683598639542490 
0.41846694938135065023 0.03890660586591881964 0.12391164123594888835 0.41871480351678180831 
0.43591375519095348912 0.03269411646959188844 0.10664348563566926342 0.42474864270378531739 
0.42541599010601871544 0.03417986526669883340 0.11352572567431185036 0.42687841895297057304 
0.40845572818609382493 0.03189564103494849784 0.13524569914756801037 0.42440293163138970156 
0.40624261692954066749 0.03063910928835614569 0.14738315848756486370 0.41573511529453827107 
0.40832483407844882839 0.02820375236912174913 0.12511559491502061148 0.43835581863740885611 
0.42743673844541607565 0.03034095613716195766 0.12901775337023352330 0.41320455204718842257 
0.41727784655518812551 0.03534199197411302951 0.13626815974859746161 0.41111200172210138337 
0.40248724741283387063 0.03990901150109030238 0.11541941194832591733 0.44218432913774996518 
0.41896389606736089695 0.02976284043566186296 0.11812319274897098431 0.43315007074800632170 
0.43282451966898033424 0.03465721940286010244 0.12016933800902358798 0.41234892291913610718 
0.42815745224702977945 0.02290565246855261541 0.10824316368016034806 0.44069373160425734381 
0.40867086665070301299 0.03282172270135274433 0.11934349116551516701 0.43916391948242905485 
0.43215528642948747295 0.03869917551921629728 0.11514951609342372052 0.41399602195787255088 
0.44007938807139918014 0.03095539066787119167 0.10346938016171806918 0.42549584109901156248 
0.43837398661253496046 0.03116347373727272954 0.10846978823422454008 0.42199275141596775951 
0.41994884043309743671 0.03467276920943142965 0.10348111409709014052 0.44189727626038105557 
0.41615657197966154923 0.03066520146538392888 0.11874976233400255654 0.43442846422095182657 
0.43141103895356391895 0.03469875778419316548 0.13226324712854078958 0.40162695613370208436 
