0.00000000099999999994 0.00000000099999999994 0.90992640749403974620 0.00000000099999999994 0.00000000099999999994 0.09007358750596015928 0.00000000099999999994 
0.00000000099999999994 0.00000000099999999994 0.91520979566600280108 0.00000000099999999994 0.00000000099999999994 0.08479019933399725706 0.00000000099999999994 
0.00000000099999999994 0.00000000099999999994 0.89323923897006074490 0.00000000099999999994 0.00000000099999999994 0.10676075602993914671 0.00000000099999999994 
0.00000000099999999997 0.00000000099999999997 0.89804897343663014908 0.00000000099999999997 0.00000000099999999997 0.10195102156336974253 0.00000000099999999997 
0.00000000099999999987 0.00000000099999999987 0.93541038765884154671 0.00000000099999999987 0.00000000099999999987 0.06458960734115830327 0.00000000099999999987 
0.00000000099999999998 0.00000000099999999998 0.88101072176225392329 0.00000000099999999998 0.00000000099999999998 0.11898927323774599607 0.00000000099999999998 
0.00000000099999999999 0.00000000099999999999 0.82925316237544899334 0.00038978950255018666 0.00234150486822612197 0.16801554025377449242 0.00000000099999999999 
0.00000000099999999980 0.00000000099999999980 0.00000000099999999980 0.00000000099999999980 0.00000000099999999980 0.99999999400000005867 0.00000000099999999980 
0.00000000099999999983 0.00000000099999999983 0.00000000099999999983 0.00000000099999999983 0.00000000099999999983 0.99999999399999994765 0.00000000099999999983 
0.00000000099999999984 0.00000000099999999984 0.00000000099999999984 0.00000000099999999984 0.00000000099999999984 0.99999999399999994765 0.00000000099999999984 
0.00000000099999999983 0.00000000099999999983 0.00000000099999999983 0.00000000099999999983 0.00000000099999999983 0.99999999399999994765 0.00000000099999999983 
0.00000000099999999982 0.00000000099999999982 0.00000000099999999982 0.00000000099999999982 0.00000000099999999982 0.99999999399999994765 0.00000000099999999982 
0.00000000099999999984 0.00000000099999999984 0.00000000099999999984 0.00000000099999999984 0.00000000099999999984 0.99999999399999994765 0.00000000099999999984 
0.00000000099999999986 0.00000000099999999986 0.00000000099999999986 0.00000000099999999986 0.00000000099999999986 0.99999999400000005867 0.00000000099999999986 
0.00000000099999999983 0.00000000099999999983 0.00000000099999999983 0.00000000099999999983 0.00000000099999999983 0.99999999399999994765 0.00000000099999999983 
0.00000000099999999979 0.00000000099999999979 0.00000000099999999979 0.00000000099999999979 0.00000000099999999979 0.99999999399999994765 0.00000000099999999979 
0.00000000099999999985 0.00000000099999999985 0.00000000099999999985 0.00000000099999999985 0.00000000099999999985 0.99999999399999994765 0.00000000099999999985 
0.00000000099999999983 0.00000000099999999983 0.00000000099999999983 0.00000000099999999983 0.00000000099999999983 0.99999999399999994765 0.00000000099999999983 
0.00000000099999999984 0.00000000099999999984 0.00000000099999999984 0.00000000099999999984 0.00000000099999999984 0.99999999399999994765 0.00000000099999999984 
0.00000000099999999981 0.00000000099999999981 0.00000000099999999981 0.00000000099999999981 0.00000000099999999981 0.99999999400000005867 0.00000000099999999981 
0.00000000099999999984 0.00000000099999999984 0.00000000099999999984 0.00000000099999999984 0.00000000099999999984 0.99999999399999994765 0.00000000099999999984 
0.00000000099999999983 0.00000000099999999983 0.00000000099999999983 0.00000000099999999983 0.00000000099999999983 0.99999999400000005867 0.00000000099999999983 
0.00000000099999999984 0.00000000099999999984 0.00000000099999999984 0.00000000099999999984 0.00000000099999999984 0.99999999400000005867 0.00000000099999999984 
0.00000000099999999983 0.00000000099999999983 0.00000000099999999983 0.00000000099999999983 0.00000000099999999983 0.99999999399999994765 0.00000000099999999983 
0.00000000099999999979 0.00000000099999999979 0.00000000099999999979 0.00000000099999999979 0.00000000099999999979 0.99999999399999994765 0.00000000099999999979 
0.00000000099999999982 0.00000000099999999982 0.00000000099999999982 0.00000000099999999982 0.00000000099999999982 0.99999999400000005867 0.00000000099999999982 
0.00000000099999999991 0.00000000099999999991 0.00000000099999999991 0.00000000099999999991 0.00000000099999999991 0.99999999400000005867 0.00000000099999999991 
0.00000000100000000000 0.00839691515041995906 0.10207054074032004265 0.00253360291504356461 0.66459892985935142828 0.20781131083863671472 0.01458869949622842999 
0.00000000100000000000 0.00000000100000000000 0.10886632954381764149 0.00000000382633616963 0.67040764052542589635 0.22072551419435848530 0.00000050991006173052 
0.00927151780360612257 0.00478521012495312925 0.11716075303416141618 0.00376888985470930473 0.66171906220350384942 0.20329051638190606677 0.00000405059716013289 
0.00000000099999999999 0.00094210698594815337 0.10264981683948243285 0.00000000099999999999 0.68762348449746013568 0.20878458867710911195 0.00000000099999999999 
0.00000005303867320577 0.00000000100000000000 0.10662423940949704304 0.00000000100000000000 0.65606820613321281677 0.22895109794146148441 0.00835640147715532855 
0.00000000099999999999 0.00000000099999999999 0.08607184647463109184 0.00002503009970531429 0.69640609859829194495 0.21749702182737165601 0.00000000099999999999 
0.00089950315453003250 0.00556072911660045709 0.09666569607508668227 0.00140513893921260353 0.65520878186555775446 0.23870677767544792869 0.00155337317356451718 
0.00478513474649743149 0.00000000100000000000 0.11585270476178063936 0.00000002438406640054 0.63577708114976483333 0.23876395707426867343 0.00482109688362212727 
0.00014365603167844354 0.00054519730943748516 0.10435199979320795849 0.00000000100000000000 0.65982563499443935839 0.22322678862880421247 0.01190672224243257381 
0.00000000099999999999 0.00000683774370183047 0.08081932150491416555 0.00000000099999999999 0.69094737159059427256 0.22822646616078981485 0.00000000099999999999 
0.00291923854952660542 0.00010599976982063770 0.10145402420561712431 0.00000002219331153229 0.64706758647516782190 0.24830494176843928567 0.00014818703811695155 
0.00959528097887555644 0.00073820761107917701 0.10728592963200858645 0.00000108654098669918 0.64662554275189632058 0.22268248594422074271 0.01307146654093301573 
0.00000012976841054468 0.00344864547022586494 0.15224329750731507849 0.00000000100000000000 0.62468605188094650238 0.20811269883980088036 0.01150917553330126075 
0.00209843515911793677 0.01094100295843045308 0.08614651171521051087 0.00000000100000000000 0.65291521751456871314 0.23902517722237229258 0.00887365443030001082 
0.01761760008975393754 0.00000011931809571147 0.09941617510342126707 0.00053190971077881146 0.64614246904271699368 0.21771217710288878755 0.01857954963234439635 
0.00079810965047102326 0.00242686562434178948 0.11347558869203702714 0.00228339670562767482 0.66165414418203116753 0.21659628766902513930 0.00276560747646617533 
0.00202471057361044678 0.00617542688797033303 0.11464240376781759112 0.00000000100000000000 0.65369231371872960068 0.21505761248556731768 0.00840753156630466569 
0.00560014947570618149 0.00764248837781206659 0.09772689265590930874 0.00056157674635797005 0.64569602015195048939 0.24206371201484330746 0.00070916057742070231 
0.00035583946181178005 0.01918070186301708280 0.12365010785818635053 0.00616347255751132153 0.63519595708295240044 0.20232341416084204111 0.01313050701567897507 
0.00492667530708909996 0.00000002614351471571 0.09299102018113138135 0.00000323311772619449 0.60864758549786834863 0.27720292753406777786 0.01622853221860248371 
0.01735049760223043511 0.01402754740138163932 0.07733554553563103118 0.00961672641853339623 0.79770252655002971132 0.04980754637590201206 0.03415961011629181643 
0.03721025976201933899 0.01079498202203647318 0.08761027591219024135 0.01174612247874848997 0.76609780412225747526 0.03161280322912735780 0.05492775247362072233 
0.01154774388065466645 0.00063014506240195072 0.09420551356874914961 0.01206966224041285639 0.79312600372340147370 0.03801760886679732970 0.05040332265758260682 
0.02444267590007219090 0.02445525376427909806 0.09123253149401909512 0.00303822791360337449 0.79432497095758147765 0.02387576980037489638 0.03863057017006989169 
0.00248882705450658055 0.02242899141583955952 0.09121950376769583091 0.01116051790422485472 0.77789592306537891364 0.03869038351694938788 0.05611585327540487278 
0.00221803299010161874 0.03767119636090212470 0.09649411803737337201 0.01126999078593961777 0.81087273108411839218 0.01351930214000742619 0.02795462860155745188 
0.01112501430653390147 0.01978333222987915113 0.11704295928737466770 0.00799538316593033371 0.76759986000234770032 0.02332805350656650192 0.05312539750136770211 
0.00652092665901743244 0.03048405166582330086 0.08883783659394403620 0.00844464168230075335 0.77047094813603966834 0.03912772289009818633 0.05611387237277672829 
0.00492971377042197671 0.02301235714544875091 0.09569086481653694964 0.00026198008860073009 0.79265151474016282140 0.04337181066231171611 0.04008175877651708185 
0.01882383096704095746 0.01770811687336609763 0.11168406023884847045 0.00532732257289689291 0.76518540252794708945 0.02819750161679818873 0.05307376520310243262 
0.01209476290553365002 0.01745594833025124193 0.10005033781889742517 0.00817562868743225424 0.79270662622007015408 0.02503251442733370885 0.04448418161048162817 
0.00329427935236009618 0.01513966793076626342 0.09425087292944729633 0.00709244972221957475 0.79924534903243327211 0.05218521216700656995 0.02879216886576695805 
0.01629218655755200126 0.01955378034155746611 0.07865289977057873805 0.00000000100000000000 0.79671718881677122681 0.04111797584311100567 0.04766596767042958344 
0.01770240954055939814 0.02720973897202204339 0.09874813710238564135 0.00000000100000000000 0.77986305102760111740 0.03520747805787793894 0.04126918429955386824 
0.00539896513148740119 0.02033473681427681867 0.08758889740566136450 0.01611432682701784483 0.77264197208556251173 0.02889904550595631672 0.06902205623003783430 
0.00567102551561618137 0.02321062194414555760 0.10241705783880294955 0.00514509060337421664 0.78361485911728800957 0.02456055725339548884 0.05538078772737763111 
0.01278142103905639815 0.02489640484538972395 0.09472179420720101828 0.00000000100000000000 0.79092564073858007134 0.03501541502467198780 0.04165932314510090162 
0.01186668109381803886 0.02598860209488497788 0.09332327547200704176 0.00980568570639548526 0.78262096905368905286 0.02104075282255919027 0.05535403375664624259 
0.00898393592211606772 0.03173478657057730856 0.08359666573615361085 0.01307573278404004433 0.78169765872376084648 0.01606210465869713569 0.06484911560465489444 
0.01331492354912831508 0.01587635774007763179 0.09690018517103453355 0.00247425771347510679 0.79344227985459192531 0.02105107690183202415 0.05694091906986051277 
0.00935260808322210292 0.02217314925035630130 0.00000000100000000000 0.00069226314201141037 0.89077507994955829052 0.00000000100000000000 0.07700689757485194853 
0.00200081282960181978 0.00000179265708961751 0.00000000099999999999 0.00000000099999999999 0.90026589484248542572 0.01939178320402524733 0.07833971446679785511 
0.00334360432039954936 0.00175995980584738683 0.00000000100000000000 0.01319185126318396344 0.87908666504302701572 0.01794560749939801830 0.08467231106814389341 
0.00633612394463664054 0.00000000100000000000 0.00000017328231588578 0.00530354239005824315 0.89472696104223858882 0.01735201324794636082 0.07628118509280423787 
0.00009246905769783533 0.00822553738376572731 0.00000000100000000000 0.00000000100000000000 0.88738105392903499080 0.01619789416774807325 0.08810304346175332202 
0.00183718364434737823 0.00005441525071120498 0.00000000099999999999 0.00000000099999999999 0.90159440617012187591 0.02360458747125817117 0.07290940546356129703 
0.00005226185732547332 0.00772816805131615239 0.00000001865955961608 0.00474187375358997142 0.89132409755072838919 0.00929706746985124906 0.08685651265762914242 
0.00001538853092448943 0.00705938063899257812 0.00000000099999999999 0.00000001273273972299 0.92010613045907352348 0.00197146586614040239 0.07084762077212929110 
0.00937521532797314615 0.00007375726975385260 0.00005287531657411221 0.00399749419145001544 0.87937076053560869759 0.02277734921999545817 0.08435254813864480339 
0.00629597292330973460 0.00000019360702422136 0.00000000100000000000 0.00000009014333791480 0.89434584669781758137 0.01568990266607417361 0.08366799296243639106 
0.00000000099999999997 0.00000000099999999997 0.00000000118787518306 0.00000000099999999997 0.99999999381212478777 0.00000000099999999997 0.00000000099999999997 
0.00000000099999999998 0.00000000099999999998 0.01121091767912177177 0.00000000099999999998 0.98878907732087817362 0.00000000099999999998 0.00000000099999999998 
0.00000000099999999997 0.00000000099999999997 0.00000211133348312208 0.00000000099999999997 0.99999788366651676252 0.00000000099999999997 0.00000000099999999997 
0.00000000099999999997 0.00000000099999999997 0.01516968525503805190 0.00000000099999999997 0.98483030974496210685 0.00000000099999999997 0.00000000099999999997 
0.00000000099999999997 0.00000000099999999997 0.00000000099999999997 0.00000000099999999997 0.99999999399999994765 0.00000000099999999997 0.00000000099999999997 
0.00000000099999999998 0.00000000099999999998 0.00900055585324942634 0.00000000099999999998 0.99099943914675059364 0.00000000099999999998 0.00000000099999999998 
0.00000000099999999997 0.00000000099999999997 0.01308579412947425899 0.00000000099999999997 0.98691420087052572629 0.00000000099999999997 0.00000000099999999997 
0.00000000099999999996 0.00000000099999999996 0.00000000099999999996 0.00000000099999999996 0.99999999399999994765 0.00000000099999999996 0.00000000099999999996 
0.00000000099999999998 0.00000000099999999998 0.01912627840572350343 0.00000000099999999998 0.98087371659427646797 0.00000000099999999998 0.00000000099999999998 
0.00000000099999999997 0.00000000099999999997 0.00028496505407892513 0.00000000099999999997 0.99971502994592120750 0.00000000099999999997 0.00000000099999999997 
0.00059579189864281611 0.01960263423302541913 0.07369564166357281398 0.00621142267752249847 0.87013213361712982152 0.00921140961417970909 0.02055096629592691182 
0.00000007693790444807 0.00459942536731270703 0.07215598207755877236 0.00000002060461109133 0.89215386724107237360 0.00241045243447442865 0.02868017533706618272 
0.00000000100000000000 0.02369622662860309745 0.07884185823536939142 0.00000885985899204229 0.88128203994156462109 0.00828529989162471794 0.00788571444384600015 
0.00002532579021350228 0.00005370597800878456 0.08561471696750297400 0.00000000100000000000 0.86576563744296963776 0.01736598700023741365 0.03117462582106762109 
0.00000000100000000000 0.01667289347799904078 0.07976142626565170535 0.00278476861269065339 0.88068323086837962954 0.01147686373678022398 0.00862081603849860698 
0.00000000099999999999 0.00010389841128824828 0.08678497277658719922 0.00000000099999999999 0.89567661004706444761 0.01742641793348701645 0.00000809883157304114 
0.00000000100000000000 0.00000000100000000000 0.08937377873336124767 0.00616406676794178585 0.87671609392553329076 0.02766850005549790353 0.00007755851766567585 
0.00007033616004281456 0.02222506872580236673 0.04578791208853755235 0.00003449411898527188 0.88401539691177855040 0.02212233258857197737 0.02574445940628140167 
0.00000000100000000000 0.02068351602819680848 0.07999158008649975837 0.00000000100000000000 0.85296696695369611518 0.03488569679160145875 0.01147223814000568158 
0.00000000100000000000 0.00320929529600333168 0.07270337778771902848 0.00000000100000000000 0.86272269139182478082 0.04240544982489197201 0.01895918369956077487 
0.00437536904570765949 0.00000011846719626321 0.07104799134649360248 0.00000000100000000000 0.88169579258820984791 0.03587733461087615205 0.00700339294151638286 
0.00720125361505937357 0.02955613896093944523 0.05531913119869648343 0.00138608661600599288 0.87221170199158970515 0.01894761038066633194 0.01537807723704265675 
0.00403947908279594665 0.02653633954486964153 0.07356966739581216608 0.00091225317734209155 0.83257312359366619781 0.03031458988304726321 0.03205454732246665328 
0.00000000100000000000 0.01437142233758264588 0.09395798656309101160 0.00000000100000000000 0.84218383515978223475 0.02640807716350633549 0.02307867677603776119 
0.00929306182074622275 0.00360080208960095486 0.05641173727841421182 0.00000000100000000000 0.87763714642475243455 0.04517729501986430390 0.00787995636662182364 
0.00000000099999999999 0.03279600924575683946 0.07175019982626895665 0.00000000099999999999 0.84724584014117043651 0.01662173318570103059 0.03158621560110280724 
0.00000000100000000000 0.00718454993628690579 0.08129450772272987791 0.00426341538287355448 0.87817163462416303332 0.00772374845264430648 0.02136214288130226097 
0.00490377261855801192 0.00481312516516467157 0.07979375778183404877 0.00000000629712691986 0.86424031098875242485 0.01258158922545803832 0.03366743792310585709 
0.01270268671308904390 0.00000000100000000000 0.06212910338332877647 0.00000000100000000000 0.88445191554831847913 0.01538051506183417579 0.02533577729342952403 
0.00127070365280800598 0.00000000099999999999 0.05568999988437740162 0.00000000099999999999 0.93395931106861806992 0.00103702961180961954 0.00804295378238700266 
0.00000000100000000000 0.01081502484972648136 0.04598419308071788336 0.00162299631497908885 0.92168453506174330414 0.00712449017879124725 0.01276875951404200793 
0.00123566853711588268 0.00000000100000000000 0.08013981887999961640 0.00000005880706665333 0.89462316480188786016 0.00842680473178836556 0.01557448324214149790 
0.00466687995988911489 0.00947827196211491717 0.06365128867131079893 0.00000002623751861140 0.91132960251688344133 0.00624108249320417044 0.00463284815907884836 
0.00226261049845506235 0.00820645728211629247 0.07294558474091940303 0.00000000100000000000 0.89028522674790033786 0.00508891443706433171 0.02121120529354449460 
0.00201673948127669735 0.00017180927486176663 0.06110247017379108470 0.00000000100000000000 0.89969118364228284346 0.00472952937792013237 0.03228826704986736962 
0.01479040822018539911 0.00052851383963449039 0.07612644423401082605 0.00950725025566118674 0.85706735445306414523 0.01537378484922955271 0.02660624414821421979 
0.00493683027607556228 0.00147561103593077999 0.05079733409199903293 0.00000000100000000000 0.90671144253073387986 0.00992252751797277274 0.02615625354728798660 
0.00000146644796295440 0.00247663853618029133 0.05863847900506172217 0.00011206942680222003 0.91770323072462112179 0.01219666445786838672 0.00887145140150339892 
0.01984114314982826296 0.00000105915273093289 0.05375503614039544437 0.00380045711475924435 0.86901596992599106084 0.01918684861563259986 0.03439948590066244788 
0.00006172920913992373 0.00000000100000000000 0.03722594457524246864 0.00000076465125002145 0.96192657247173385393 0.00078494097795835495 0.00000004711467539446 
0.00000000099999999999 0.00000000099999999999 0.06466160072305524031 0.00000000099999999999 0.93533839427694487334 0.00000000099999999999 0.00000000099999999999 
0.00000037142160452896 0.01296825640917350156 0.04260075273085568021 0.00665186026494357305 0.93747135411427040541 0.00000000100000000000 0.00030740405915226777 
0.00534299863513201453 0.00401110153581069832 0.08123832181690891774 0.00187464220564834182 0.87140783360056983664 0.00625355982356537096 0.02987154238236466863 
0.00297592720492247803 0.02470475018099332551 0.06481974049597012677 0.00000000100000000000 0.87875156899174999836 0.01462405640516905095 0.01412395572119495325 
0.00776380187766755742 0.00000000100000000000 0.06099054612361930194 0.00280313493555618253 0.91415496681370356225 0.00498695069371420541 0.00930059855573917016 
0.01695306757759938027 0.00969264207043572107 0.07071061237842247993 0.00154639150238358941 0.88648867798634978232 0.00621619617237913723 0.00839241231242987898 
0.00000009534728806039 0.00000000099999999999 0.04620632011195281025 0.00000000099999999999 0.94891918535943975410 0.00487439618131931852 0.00000000099999999999 
0.00244767844353251888 0.00565341390899170172 0.04787593236485455928 0.00000000099999999999 0.91532006585598524318 0.01617090229373923521 0.01253200613289683248 
0.00001524563546502352 0.00000000099999999999 0.02689551096134511904 0.00000000099999999999 0.96969815085482424788 0.00339108954836556424 0.00000000099999999999 
0.00000000099999999999 0.00000000099999999999 0.04565945650835134817 0.00000000099999999999 0.95434053849164868222 0.00000000099999999999 0.00000000099999999999 
0.00000000099999999998 0.00000000099999999998 0.02940046694611784736 0.00000000099999999998 0.97059952805388216568 0.00000000099999999998 0.00000000099999999998 
0.00000000099999999998 0.00000000099999999998 0.03179659715623740085 0.00000000099999999998 0.96820339784376263648 0.00000000099999999998 0.00000000099999999998 
0.00000002008286801962 0.00000000099999999999 0.04806539637845064911 0.00000000099999999999 0.94910063517760001606 0.00283394536108138055 0.00000000099999999999 
0.00000000099999999997 0.00000000099999999997 0.01605662292856119971 0.00000000099999999997 0.98394337207143878210 0.00000000099999999997 0.00000000099999999997 
0.00000000099999999997 0.00000000099999999997 0.01285402575278145332 0.00000000099999999997 0.98714596924721853544 0.00000000099999999997 0.00000000099999999997 
0.00000000099999999997 0.00000000099999999997 0.03653276759942489932 0.00000000099999999997 0.96346722740057522127 0.00000000099999999997 0.00000000099999999997 
0.00000000099999999998 0.00000000099999999998 0.02704604074937058331 0.00000000099999999998 0.96205416287868117386 0.00056671750523025553 0.01033307586671809719 
0.00000000099999999997 0.00000000099999999997 0.01228823078947451075 0.00000000099999999997 0.98771176421052542249 0.00000000099999999997 0.00000000099999999997 
0.00000043398284115386 0.00000000099999999999 0.03072634930271512729 0.00000000099999999999 0.96927321271444366602 0.00000000099999999999 0.00000000099999999999 
0.00000000099999999998 0.00000000099999999998 0.03733195820169655371 0.00000000099999999998 0.96265473368544829391 0.00001330411285510702 0.00000000099999999998 
0.00000000099999999999 0.00000000099999999999 0.02719024545757027164 0.00000000099999999999 0.97239397670875404867 0.00024342037771038394 0.00017235445596541543 
0.00000000099999999999 0.00000000099999999999 0.05130524432729635653 0.00000000099999999999 0.94591096514029604503 0.00278378653240761182 0.00000000099999999999 
0.00000000099999999999 0.00000000099999999999 0.04587691699766997810 0.00000000099999999999 0.95412307574555976775 0.00000000325677006123 0.00000000099999999999 
0.00000000099999999997 0.00000000099999999997 0.03533140122425679208 0.00000000099999999997 0.96466859377574332157 0.00000000099999999997 0.00000000099999999997 
0.00000000099999999997 0.00000000099999999997 0.03644946772193895929 0.00000000099999999997 0.96355052727806111967 0.00000000099999999997 0.00000000099999999997 
0.00000000099999999996 0.00000000099999999996 0.01618980489554321806 0.00000000099999999996 0.98381019010445680539 0.00000000099999999996 0.00000000099999999996 
0.00000000099999999998 0.00000000099999999998 0.03689453225354954319 0.00000000099999999998 0.96076062577159071498 0.00234483797485967845 0.00000000099999999998 
0.00000000099999999998 0.00000000099999999998 0.02452410130241503006 0.00000000099999999998 0.97545845526670704739 0.00001743943087788390 0.00000000099999999998 
0.00000000099999999987 0.00000000099999999987 0.99999999400000005867 0.00000000099999999987 0.00000000099999999987 0.00000000099999999987 0.00000000099999999987 
0.00000000099999999994 0.00000000099999999994 0.99999999400000005867 0.00000000099999999994 0.00000000099999999994 0.00000000099999999994 0.00000000099999999994 
0.00000000099999999993 0.00000000099999999993 0.99999999399999994765 0.00000000099999999993 0.00000000099999999993 0.00000000099999999993 0.00000000099999999993 
0.00000000099999999985 0.00000000099999999985 0.99999999399999994765 0.00000000099999999985 0.00000000099999999985 0.00000000099999999985 0.00000000099999999985 
0.00000000099999999991 0.00000000099999999991 0.99999999399999994765 0.00000000099999999991 0.00000000099999999991 0.00000000099999999991 0.00000000099999999991 
0.00000000099999999987 0.00000000099999999987 0.99999999400000005867 0.00000000099999999987 0.00000000099999999987 0.00000000099999999987 0.00000000099999999987 
0.00000000099999999990 0.00000000099999999990 0.99999999400000005867 0.00000000099999999990 0.00000000099999999990 0.00000000099999999990 0.00000000099999999990 
0.00000000099999999988 0.00000000099999999988 0.99999999400000005867 0.00000000099999999988 0.00000000099999999988 0.00000000099999999988 0.00000000099999999988 
0.00000000099999999994 0.00000000099999999994 0.99999999399999994765 0.00000000099999999994 0.00000000099999999994 0.00000000099999999994 0.00000000099999999994 
0.00000000099999999991 0.00000000099999999991 0.99999999399999994765 0.00000000099999999991 0.00000000099999999991 0.00000000099999999991 0.00000000099999999991 
0.00000000099999999991 0.00000000099999999991 0.99999999399999994765 0.00000000099999999991 0.00000000099999999991 0.00000000099999999991 0.00000000099999999991 
0.00000000099999999986 0.00000000099999999986 0.99999999399999994765 0.00000000099999999986 0.00000000099999999986 0.00000000099999999986 0.00000000099999999986 
0.00000000099999999987 0.00000000099999999987 0.99999999400000005867 0.00000000099999999987 0.00000000099999999987 0.00000000099999999987 0.00000000099999999987 
0.00000000099999999984 0.00000000099999999984 0.99999999400000005867 0.00000000099999999984 0.00000000099999999984 0.00000000099999999984 0.00000000099999999984 
0.00000000099999999991 0.00000000099999999991 0.99999999399999994765 0.00000000099999999991 0.00000000099999999991 0.00000000099999999991 0.00000000099999999991 
0.00000000099999999981 0.00000000099999999981 0.99999999399999994765 0.00000000099999999981 0.00000000099999999981 0.00000000099999999981 0.00000000099999999981 
0.00000000099999999991 0.00000000099999999991 0.99999999400000005867 0.00000000099999999991 0.00000000099999999991 0.00000000099999999991 0.00000000099999999991 
0.00000000099999999982 0.00000000099999999982 0.99999999400000005867 0.00000000099999999982 0.00000000099999999982 0.00000000099999999982 0.00000000099999999982 
0.00000000099999999991 0.00000000099999999991 0.99999999399999994765 0.00000000099999999991 0.00000000099999999991 0.00000000099999999991 0.00000000099999999991 
0.00000000099999999990 0.00000000099999999990 0.99999999399999994765 0.00000000099999999990 0.00000000099999999990 0.00000000099999999990 0.00000000099999999990 
0.01900584501587172445 0.02567581542652435864 0.10956896952712734394 0.00000000159974681346 0.74252864162323428676 0.06115868759476206229 0.04206203921273330565 
0.02065478197597811830 0.02195365869750633483 0.09273454243098087912 0.00232103721350801788 0.77426058128004371373 0.06214640887577647238 0.02592898952620653272 
0.00729141251721973031 0.02490762772064612079 0.10430295038932278773 0.00119666912037887747 0.77729624663623009262 0.04308657532135317519 0.04191851829484915387 
0.00099371220581390422 0.00016089819384783110 0.10546951587647068749 0.00217685101795125771 0.78775638427140171061 0.07391085615073446358 0.02953178228378013082 
0.00338420061459436972 0.01889483123895318445 0.10970174887530617647 0.00000000100000000000 0.78534131584065236531 0.05795790304053600323 0.02471999938995787446 
0.01209335279352383510 0.02724638632736656185 0.07481201967384604190 0.00405490844996611588 0.78189709092002568358 0.04617053845262752976 0.05372570338264431866 
0.01417148675403878677 0.01655640979799105628 0.09818806144485275889 0.00253934257643280425 0.80514981092468762558 0.05161293967379450287 0.01178194882820257465 
0.01681298613990243537 0.03075536846081402750 0.10611674126944747876 0.00020407631257755133 0.74573032430210595134 0.03292625437891912032 0.06745424913623332408 
0.02420818644409062845 0.03446295281607467814 0.09736199921314284134 0.00065915883918035983 0.76707474734967284746 0.03621651555919014331 0.04001643977864851459 
0.02124513264831923154 0.01518571809932845254 0.09528665838909905483 0.00363452514868542074 0.78415309327657967131 0.03919092399107880487 0.04130394844690934986 
0.00000000099999999976 0.00000000099999999976 0.00000000099999999976 0.99999999400000005867 0.00000000099999999976 0.00000000099999999976 0.00000000099999999976 
0.00000000099999999971 0.00000000099999999971 0.00000000099999999971 0.99999999399999994765 0.00000000099999999971 0.00000000099999999971 0.00000000099999999971 
0.00000000099999999975 0.00000000099999999975 0.00000000099999999975 0.99999999400000005867 0.00000000099999999975 0.00000000099999999975 0.00000000099999999975 
0.00000000099999999974 0.00000000099999999974 0.00000000099999999974 0.99999999399999994765 0.00000000099999999974 0.00000000099999999974 0.00000000099999999974 
0.00000000099999999971 0.00000000099999999971 0.00000000099999999971 0.99999999399999994765 0.00000000099999999971 0.00000000099999999971 0.00000000099999999971 
0.00000000099999999966 0.00000000099999999966 0.00000000099999999966 0.99999999399999994765 0.00000000099999999966 0.00000000099999999966 0.00000000099999999966 
0.00000000099999999971 0.00000000099999999971 0.00000000099999999971 0.99999999399999994765 0.00000000099999999971 0.00000000099999999971 0.00000000099999999971 
0.00000000099999999978 0.00000000099999999978 0.00000000099999999978 0.99999999400000005867 0.00000000099999999978 0.00000000099999999978 0.00000000099999999978 
0.00000000099999999968 0.00000000099999999968 0.00000000099999999968 0.99999999400000005867 0.00000000099999999968 0.00000000099999999968 0.00000000099999999968 
0.00000000099999999974 0.00000000099999999974 0.00000000099999999974 0.99999999400000005867 0.00000000099999999974 0.00000000099999999974 0.00000000099999999974 
0.00000000099999999970 0.00000000099999999970 0.00000000099999999970 0.99999999400000005867 0.00000000099999999970 0.00000000099999999970 0.00000000099999999970 
0.00000000099999999969 0.00000000099999999969 0.00000000099999999969 0.99999999399999994765 0.00000000099999999969 0.00000000099999999969 0.00000000099999999969 
0.00000000099999999971 0.00000000099999999971 0.00000000099999999971 0.99999999399999994765 0.00000000099999999971 0.00000000099999999971 0.00000000099999999971 
0.00000000099999999972 0.00000000099999999972 0.00000000099999999972 0.99999999399999994765 0.00000000099999999972 0.00000000099999999972 0.00000000099999999972 
0.00000000099999999972 0.00000000099999999972 0.00000000099999999972 0.99999999399999994765 0.00000000099999999972 0.00000000099999999972 0.00000000099999999972 
0.00000000099999999969 0.00000000099999999969 0.00000000099999999969 0.99999999399999994765 0.00000000099999999969 0.00000000099999999969 0.00000000099999999969 
0.00000000099999999976 0.00000000099999999976 0.00000000099999999976 0.99999999399999994765 0.00000000099999999976 0.00000000099999999976 0.00000000099999999976 
0.00000000099999999979 0.00000000099999999979 0.00000000099999999979 0.99999999400000005867 0.00000000099999999979 0.00000000099999999979 0.00000000099999999979 
0.00000000099999999975 0.00000000099999999975 0.00000000099999999975 0.99999999399999994765 0.00000000099999999975 0.00000000099999999975 0.00000000099999999975 
0.00000000099999999971 0.00000000099999999971 0.00000000099999999971 0.99999999400000005867 0.00000000099999999971 0.00000000099999999971 0.00000000099999999971 
0.00000000099999999982 0.99999999400000016969 0.00000000099999999982 0.00000000099999999982 0.00000000099999999982 0.00000000099999999982 0.00000000099999999982 
0.00000000099999999988 0.99999999400000005867 0.00000000099999999988 0.00000000099999999988 0.00000000099999999988 0.00000000099999999988 0.00000000099999999988 
0.00000000099999999987 0.99999999400000016969 0.00000000099999999987 0.00000000099999999987 0.00000000099999999987 0.00000000099999999987 0.00000000099999999987 
0.00000000099999999987 0.99999999400000005867 0.00000000099999999987 0.00000000099999999987 0.00000000099999999987 0.00000000099999999987 0.00000000099999999987 
0.00000000099999999984 0.99999999400000016969 0.00000000099999999984 0.00000000099999999984 0.00000000099999999984 0.00000000099999999984 0.00000000099999999984 
0.00000000099999999986 0.99999999400000005867 0.00000000099999999986 0.00000000099999999986 0.00000000099999999986 0.00000000099999999986 0.00000000099999999986 
0.00000000099999999986 0.99999999400000005867 0.00000000099999999986 0.00000000099999999986 0.00000000099999999986 0.00000000099999999986 0.00000000099999999986 
0.00000000099999999984 0.99999999400000005867 0.00000000099999999984 0.00000000099999999984 0.00000000099999999984 0.00000000099999999984 0.00000000099999999984 
0.00000000099999999983 0.99999999400000005867 0.00000000099999999983 0.00000000099999999983 0.00000000099999999983 0.00000000099999999983 0.00000000099999999983 
0.00000000099999999984 0.99999999400000005867 0.00000000099999999984 0.00000000099999999984 0.00000000099999999984 0.00000000099999999984 0.00000000099999999984 
0.00000000099999999985 0.99999999400000005867 0.00000000099999999985 0.00000000099999999985 0.00000000099999999985 0.00000000099999999985 0.00000000099999999985 
0.00000000099999999989 0.99999999400000005867 0.00000000099999999989 0.00000000099999999989 0.00000000099999999989 0.00000000099999999989 0.00000000099999999989 
0.00000000099999999989 0.99999999400000005867 0.00000000099999999989 0.00000000099999999989 0.00000000099999999989 0.00000000099999999989 0.00000000099999999989 
0.00000000099999999987 0.99999999400000005867 0.00000000099999999987 0.00000000099999999987 0.00000000099999999987 0.00000000099999999987 0.00000000099999999987 
0.00000000099999999985 0.99999999400000005867 0.00000000099999999985 0.00000000099999999985 0.00000000099999999985 0.00000000099999999985 0.00000000099999999985 
0.00000000099999999986 0.99999999400000005867 0.00000000099999999986 0.00000000099999999986 0.00000000099999999986 0.00000000099999999986 0.00000000099999999986 
0.00000000099999999983 0.99999999400000005867 0.00000000099999999983 0.00000000099999999983 0.00000000099999999983 0.00000000099999999983 0.00000000099999999983 
0.00000000099999999982 0.99999999400000005867 0.00000000099999999982 0.00000000099999999982 0.00000000099999999982 0.00000000099999999982 0.00000000099999999982 
0.00000000099999999986 0.99999999400000005867 0.00000000099999999986 0.00000000099999999986 0.00000000099999999986 0.00000000099999999986 0.00000000099999999986 
0.00000000099999999985 0.99999999400000005867 0.00000000099999999985 0.00000000099999999985 0.00000000099999999985 0.00000000099999999985 0.00000000099999999985 
0.00000000099999999995 0.99999999400000016969 0.00000000099999999995 0.00000000099999999995 0.00000000099999999995 0.00000000099999999995 0.00000000099999999995 
0.00000000099999999995 0.99999999400000016969 0.00000000099999999995 0.00000000099999999995 0.00000000099999999995 0.00000000099999999995 0.00000000099999999995 
0.00000000099999999994 0.99999999400000005867 0.00000000099999999994 0.00000000099999999994 0.00000000099999999994 0.00000000099999999994 0.00000000099999999994 
0.00000000099999999996 0.99999999400000005867 0.00000000099999999996 0.00000000099999999996 0.00000000099999999996 0.00000000099999999996 0.00000000099999999996 
0.00000000099999999995 0.99981532118437810297 0.00000000099999999995 0.00000000099999999995 0.00000000099999999995 0.00018467381562193108 0.00000000099999999995 
0.00000000099999999997 0.98443166118309144430 0.00000000099999999997 0.00000000099999999997 0.00000000099999999997 0.01556833381690868150 0.00000000099999999997 
0.00000000099999999996 0.99999999400000005867 0.00000000099999999996 0.00000000099999999996 0.00000000099999999996 0.00000000099999999996 0.00000000099999999996 
0.00000000099999999992 0.99999999400000016969 0.00000000099999999992 0.00000000099999999992 0.00000000099999999992 0.00000000099999999992 0.00000000099999999992 
0.00000000099999999993 0.99999999400000016969 0.00000000099999999993 0.00000000099999999993 0.00000000099999999993 0.00000000099999999993 0.00000000099999999993 
0.00000000099999999994 0.99999999400000005867 0.00000000099999999994 0.00000000099999999994 0.00000000099999999994 0.00000000099999999994 0.00000000099999999994 
0.00000000099999999993 0.99999999400000005867 0.00000000099999999993 0.00000000099999999993 0.00000000099999999993 0.00000000099999999993 0.00000000099999999993 
0.00000000099999999996 0.99999999400000005867 0.00000000099999999996 0.00000000099999999996 0.00000000099999999996 0.00000000099999999996 0.00000000099999999996 
0.00000000099999999993 0.99999999400000016969 0.00000000099999999993 0.00000000099999999993 0.00000000099999999993 0.00000000099999999993 0.00000000099999999993 
0.00000000099999999996 0.99999999400000005867 0.00000000099999999996 0.00000000099999999996 0.00000000099999999996 0.00000000099999999996 0.00000000099999999996 
0.00000000099999999991 0.99999999400000016969 0.00000000099999999991 0.00000000099999999991 0.00000000099999999991 0.00000000099999999991 0.00000000099999999991 
0.00000000099999999994 0.99999999400000005867 0.00000000099999999994 0.00000000099999999994 0.00000000099999999994 0.00000000099999999994 0.00000000099999999994 
0.00000000099999999995 0.99999999400000016969 0.00000000099999999995 0.00000000099999999995 0.00000000099999999995 0.00000000099999999995 0.00000000099999999995 
0.00000000099999999994 0.99999999400000016969 0.00000000099999999994 0.00000000099999999994 0.00000000099999999994 0.00000000099999999994 0.00000000099999999994 
0.00000001199976841581 0.97390020106038377445 0.00000000099999999999 0.00000000099999999999 0.00000006951527463113 0.02609280209544509455 0.00000691332912830876 
0.00386912162513116222 0.99216626372430383185 0.00000000099999999999 0.00000000099999999999 0.00000000099999999999 0.00000175558195387311 0.00396285606861114699 
0.99999999400000005867 0.00000000099999999993 0.00000000099999999993 0.00000000099999999993 0.00000000099999999993 0.00000000099999999993 0.00000000099999999993 
0.99999999400000016969 0.00000000099999999985 0.00000000099999999985 0.00000000099999999985 0.00000000099999999985 0.00000000099999999985 0.00000000099999999985 
0.99999999400000005867 0.00000000099999999989 0.00000000099999999989 0.00000000099999999989 0.00000000099999999989 0.00000000099999999989 0.00000000099999999989 
0.99999999400000005867 0.00000000099999999983 0.00000000099999999983 0.00000000099999999983 0.00000000099999999983 0.00000000099999999983 0.00000000099999999983 
0.99999999400000005867 0.00000000099999999984 0.00000000099999999984 0.00000000099999999984 0.00000000099999999984 0.00000000099999999984 0.00000000099999999984 
0.99999999400000016969 0.00000000099999999976 0.00000000099999999976 0.00000000099999999976 0.00000000099999999976 0.00000000099999999976 0.00000000099999999976 
0.99999999400000016969 0.00000000099999999981 0.00000000099999999981 0.00000000099999999981 0.00000000099999999981 0.00000000099999999981 0.00000000099999999981 
0.99999999400000005867 0.00000000099999999985 0.00000000099999999985 0.00000000099999999985 0.00000000099999999985 0.00000000099999999985 0.00000000099999999985 
0.99999999400000005867 0.00000000099999999989 0.00000000099999999989 0.00000000099999999989 0.00000000099999999989 0.00000000099999999989 0.00000000099999999989 
0.99999999400000016969 0.00000000099999999984 0.00000000099999999984 0.00000000099999999984 0.00000000099999999984 0.00000000099999999984 0.00000000099999999984 
0.99999999400000005867 0.00000000099999999980 0.00000000099999999980 0.00000000099999999980 0.00000000099999999980 0.00000000099999999980 0.00000000099999999980 
