0.00000000099999999989 0.00000000099999999989 0.89959005483623943888 0.00000000099999999989 0.10040993816376074521 0.00000000099999999989 0.00000000099999999989 0.00000000099999999989 0.00000000099999999989 
0.00000000099999999990 0.00000000099999999990 0.90123672079705108295 0.00000000099999999990 0.09876327220294904563 0.00000000099999999990 0.00000000099999999990 0.00000000099999999990 0.00000000099999999990 
0.00000000099999999990 0.00000000099999999990 0.88902555866585231126 0.00000000099999999990 0.11097443433414769243 0.00000000099999999990 0.00000000099999999990 0.00000000099999999990 0.00000000099999999990 
0.00000000099999999996 0.00000000099999999996 0.89760107918364373525 0.00000000099999999996 0.10239891381635635170 0.00000000099999999996 0.00000000099999999996 0.00000000099999999996 0.00000000099999999996 
0.00000000099999999981 0.00000000099999999981 0.92607488728681208734 0.00000000099999999981 0.07392510571318790247 0.00000000099999999981 0.00000000099999999981 0.00000000099999999981 0.00000000099999999981 
0.00000000099999999997 0.00000000099999999997 0.86896247628392198070 0.00000000099999999997 0.13103751671607816176 0.00000000099999999997 0.00000000099999999997 0.00000000099999999997 0.00000000099999999997 
0.00000000099999999998 0.00000000099999999998 0.82827057047486862817 0.00000000099999999998 0.17132233726821571862 0.00000000099999999998 0.00038166187863740284 0.00002542537827827803 0.00000000099999999998 
0.00000000099999999971 0.00000000099999999971 0.00000000099999999971 0.00000000099999999971 0.99999999200000011523 0.00000000099999999971 0.00000000099999999971 0.00000000099999999971 0.00000000099999999971 
0.00000000099999999975 0.00000000099999999975 0.00000000099999999975 0.00000000099999999975 0.99999999200000011523 0.00000000099999999975 0.00000000099999999975 0.00000000099999999975 0.00000000099999999975 
0.00000000099999999977 0.00000000099999999977 0.00000000099999999977 0.00000000099999999977 0.99999999200000011523 0.00000000099999999977 0.00000000099999999977 0.00000000099999999977 0.00000000099999999977 
0.00000000099999999975 0.00000000099999999975 0.00000000099999999975 0.00000000099999999975 0.99999999200000000421 0.00000000099999999975 0.00000000099999999975 0.00000000099999999975 0.00000000099999999975 
0.00000000099999999975 0.00000000099999999975 0.00000000099999999975 0.00000000099999999975 0.99999999200000011523 0.00000000099999999975 0.00000000099999999975 0.00000000099999999975 0.00000000099999999975 
0.00000000099999999977 0.00000000099999999977 0.00000000099999999977 0.00000000099999999977 0.99999999200000011523 0.00000000099999999977 0.00000000099999999977 0.00000000099999999977 0.00000000099999999977 
0.00000000099999999980 0.00000000099999999980 0.00000000099999999980 0.00000000099999999980 0.99999999200000000421 0.00000000099999999980 0.00000000099999999980 0.00000000099999999980 0.00000000099999999980 
0.00000000099999999976 0.00000000099999999976 0.00000000099999999976 0.00000000099999999976 0.99999999200000011523 0.00000000099999999976 0.00000000099999999976 0.00000000099999999976 0.00000000099999999976 
0.00000000099999999971 0.00000000099999999971 0.00000000099999999971 0.00000000099999999971 0.99999999200000000421 0.00000000099999999971 0.00000000099999999971 0.00000000099999999971 0.00000000099999999971 
0.00000000099999999979 0.00000000099999999979 0.00000000099999999979 0.00000000099999999979 0.99999999200000011523 0.00000000099999999979 0.00000000099999999979 0.00000000099999999979 0.00000000099999999979 
0.00000000099999999977 0.00000000099999999977 0.00000000099999999977 0.00000000099999999977 0.99999999200000011523 0.00000000099999999977 0.00000000099999999977 0.00000000099999999977 0.00000000099999999977 
0.00000000099999999976 0.00000000099999999976 0.00000000099999999976 0.00000000099999999976 0.99999999200000011523 0.00000000099999999976 0.00000000099999999976 0.00000000099999999976 0.00000000099999999976 
0.00000000099999999972 0.00000000099999999972 0.00000000099999999972 0.00000000099999999972 0.99999999200000011523 0.00000000099999999972 0.00000000099999999972 0.00000000099999999972 0.00000000099999999972 
0.00000000099999999977 0.00000000099999999977 0.00000000099999999977 0.00000000099999999977 0.99999999200000011523 0.00000000099999999977 0.00000000099999999977 0.00000000099999999977 0.00000000099999999977 
0.00000000099999999975 0.00000000099999999975 0.00000000099999999975 0.00000000099999999975 0.99999999200000011523 0.00000000099999999975 0.00000000099999999975 0.00000000099999999975 0.00000000099999999975 
0.00000000099999999978 0.00000000099999999978 0.00000000099999999978 0.00000000099999999978 0.99999999200000000421 0.00000000099999999978 0.00000000099999999978 0.00000000099999999978 0.00000000099999999978 
0.00000000099999999975 0.00000000099999999975 0.00000000099999999975 0.00000000099999999975 0.99999999200000000421 0.00000000099999999975 0.00000000099999999975 0.00000000099999999975 0.00000000099999999975 
0.00000000099999999972 0.00000000099999999972 0.00000000099999999972 0.00000000099999999972 0.99999999200000011523 0.00000000099999999972 0.00000000099999999972 0.00000000099999999972 0.00000000099999999972 
0.00000000099999999975 0.00000000099999999975 0.00000000099999999975 0.00000000099999999975 0.99999999200000011523 0.00000000099999999975 0.00000000099999999975 0.00000000099999999975 0.00000000099999999975 
0.00000000099999999985 0.00000000099999999985 0.00000000099999999985 0.00000000099999999985 0.99999999200000000421 0.00000000099999999985 0.00000000099999999985 0.00000000099999999985 0.00000000099999999985 
0.01313520435398998591 0.00000047589932477716 0.10695141168019982325 0.00000000099999999998 0.21702399186484169769 0.00051907419791126421 0.00167701575684793634 0.66069282424688446920 0.00000000099999999998 
0.00000000099999999997 0.00000000099999999997 0.11025678776721924146 0.00000726787924621655 0.22984160064961328684 0.00000000099999999997 0.00029146034879118837 0.65960287935512995627 0.00000000099999999997 
0.00218737267809799912 0.00000000099999999998 0.11960942918762129672 0.00762738567105123409 0.21618954187374869735 0.00000000195651931700 0.00877570825734991754 0.64561055837561154291 0.00000000099999999998 
0.00114866147275844203 0.00000000099999999996 0.10638413755920293757 0.00000000099999999996 0.21871396990645705638 0.00000000099999999996 0.00000000099999999996 0.67375322606158150052 0.00000000099999999996 
0.00000000099999999997 0.00344780364710168099 0.10885030171550673372 0.00000000099999999997 0.23416681966742367016 0.00618329769760232132 0.00000000099999999997 0.64735177327236548273 0.00000000099999999997 
0.00000000099999999996 0.00000000099999999996 0.09745882856262788607 0.00000000099999999996 0.22304550211271240157 0.00000000099999999996 0.00046694430505130112 0.67902872001960834503 0.00000000099999999996 
0.00377345390430080955 0.00000000099999999997 0.10230267802452380765 0.00444119333287642561 0.24937151472370613914 0.00000000099999999997 0.00398256904600473565 0.63612858796858806620 0.00000000099999999997 
0.00000000099999999998 0.00015933698373412443 0.11551670566092515913 0.00642288168272518983 0.24630176834437192412 0.00123024743690969165 0.00000045670699648249 0.63036860118433746258 0.00000000099999999998 
0.00720725534945403264 0.00000000099999999997 0.10118551197432953948 0.00335170065064603184 0.22477129468938256140 0.00063510137539408941 0.00000000241034558975 0.66284913155044811184 0.00000000099999999997 
0.00000000099999999996 0.00000000099999999996 0.08129763668536460486 0.00000000193922081502 0.23729980429003014186 0.00000000099999999996 0.00000042055322770440 0.68140213253215653477 0.00000000099999999996 
0.00717433700318853736 0.00000000099999999998 0.10479186704230004923 0.00295232822722035467 0.25961335401956858737 0.00000000099999999998 0.00024281731201277200 0.62522529339570964702 0.00000000099999999998 
0.00000000099999999998 0.00000000099999999998 0.10888200916913587379 0.00856324853437477433 0.22508320182328545034 0.02174196460588022004 0.00000000099999999998 0.63572957186732348411 0.00000000099999999998 
0.00372414622862772505 0.00082998840115932205 0.15883088166941958241 0.00000000099999999998 0.21391936605355402201 0.01293016791697581234 0.00000167387568729404 0.60976377385457625202 0.00000000099999999998 
0.01023032638893197309 0.00000000099999999998 0.08694134139352291402 0.00282854815476714632 0.24906993345191996703 0.00586119138843555192 0.00000000099999999998 0.64506865622242226532 0.00000000099999999998 
0.00000127247763810289 0.00251466560133366572 0.10095180085020237504 0.01019634574075334484 0.22324855957301018017 0.00687022255834194521 0.00102742598611839679 0.65518970621260175236 0.00000000099999999999 
0.00442908082219901477 0.00570590978848502153 0.11530083387734221811 0.00067549752624811025 0.22147813796189444457 0.00000872932908273242 0.00307020706486875808 0.64933160262987976719 0.00000000099999999998 
0.00000006396768697399 0.00000000099999999998 0.11862118628210217841 0.00022764390105914025 0.22516389042436887880 0.00772827139061064549 0.00007814955779072367 0.64818079247638138440 0.00000000099999999998 
0.01531108244712587642 0.00000000099999999998 0.09744866297406025446 0.00060821187412159292 0.24787824057483018314 0.00000004539090459103 0.00249737547106939880 0.63625637926788813914 0.00000000099999999998 
0.01788046391284174932 0.00000410426203115548 0.12396491022151175099 0.00289205162794304183 0.21185261296310900492 0.00014976956441752548 0.00965390449984779644 0.63360218194829787119 0.00000000099999999999 
0.00000000099999999997 0.00000000099999999997 0.10012186004917635052 0.00824184684576403578 0.28424984012498583086 0.00048458935208719366 0.00250805316037438965 0.60439380746761217633 0.00000000099999999997 
0.00000000099999999969 0.99999999200000011523 0.00000000099999999969 0.00000000099999999969 0.00000000099999999969 0.00000000099999999969 0.00000000099999999969 0.00000000099999999969 0.00000000099999999969 
0.00000000099999999960 0.99999999200000022626 0.00000000099999999960 0.00000000099999999960 0.00000000099999999960 0.00000000099999999960 0.00000000099999999960 0.00000000099999999960 0.00000000099999999960 
0.00000000099999999947 0.99999999200000011523 0.00000000099999999947 0.00000000099999999947 0.00000000099999999947 0.00000000099999999947 0.00000000099999999947 0.00000000099999999947 0.00000000099999999947 
0.00000000099999999998 0.95658869795355816468 0.00211554518849765448 0.00000000099999999998 0.00000000099999999998 0.00000000099999999998 0.00000000099999999998 0.02575653636931348259 0.01553921548863074209 
0.00000000099999999961 0.99999999200000022626 0.00000000099999999961 0.00000000099999999961 0.00000000099999999961 0.00000000099999999961 0.00000000099999999961 0.00000000099999999961 0.00000000099999999961 
0.00000000099999999958 0.99999999200000011523 0.00000000099999999958 0.00000000099999999958 0.00000000099999999958 0.00000000099999999958 0.00000000099999999958 0.00000000099999999958 0.00000000099999999958 
0.00000000099999999977 0.99999999200000022626 0.00000000099999999977 0.00000000099999999977 0.00000000099999999977 0.00000000099999999977 0.00000000099999999977 0.00000000099999999977 0.00000000099999999977 
0.05421513670784991468 0.79269657227573087077 0.02754127046156230885 0.00002714020231508871 0.03551570873983521393 0.00023181676515402933 0.00000000100000000000 0.08972931095424828418 0.00004304289330421476 
0.00000000099999999964 0.99999999200000022626 0.00000000099999999964 0.00000000099999999964 0.00000000099999999964 0.00000000099999999964 0.00000000099999999964 0.00000000099999999964 0.00000000099999999964 
0.00000000099999999984 0.99999999200000011523 0.00000000099999999984 0.00000000099999999984 0.00000000099999999984 0.00000000099999999984 0.00000000099999999984 0.00000000099999999984 0.00000000099999999984 
0.00000000099999999966 0.99999999200000022626 0.00000000099999999966 0.00000000099999999966 0.00000000099999999966 0.00000000099999999966 0.00000000099999999966 0.00000000099999999966 0.00000000099999999966 
0.00000000099999999998 0.99684812737284445028 0.00315186562715561889 0.00000000099999999998 0.00000000099999999998 0.00000000099999999998 0.00000000099999999998 0.00000000099999999998 0.00000000099999999998 
0.00000000099999999961 0.99999999200000022626 0.00000000099999999961 0.00000000099999999961 0.00000000099999999961 0.00000000099999999961 0.00000000099999999961 0.00000000099999999961 0.00000000099999999961 
0.00000000099999999950 0.99999999200000022626 0.00000000099999999950 0.00000000099999999950 0.00000000099999999950 0.00000000099999999950 0.00000000099999999950 0.00000000099999999950 0.00000000099999999950 
0.00000000099999999947 0.99999999200000022626 0.00000000099999999947 0.00000000099999999947 0.00000000099999999947 0.00000000099999999947 0.00000000099999999947 0.00000000099999999947 0.00000000099999999947 
0.00000000099999999954 0.99999999200000011523 0.00000000099999999954 0.00000000099999999954 0.00000000099999999954 0.00000000099999999954 0.00000000099999999954 0.00000000099999999954 0.00000000099999999954 
0.00000000099999999951 0.99999999200000011523 0.00000000099999999951 0.00000000099999999951 0.00000000099999999951 0.00000000099999999951 0.00000000099999999951 0.00000000099999999951 0.00000000099999999951 
0.00000000099999999950 0.99999999200000011523 0.00000000099999999950 0.00000000099999999950 0.00000000099999999950 0.00000000099999999950 0.00000000099999999950 0.00000000099999999950 0.00000000099999999950 
0.00000000099999999947 0.99999999200000011523 0.00000000099999999947 0.00000000099999999947 0.00000000099999999947 0.00000000099999999947 0.00000000099999999947 0.00000000099999999947 0.00000000099999999947 
0.00000000099999999942 0.99999999200000011523 0.00000000099999999942 0.00000000099999999942 0.00000000099999999942 0.00000000099999999942 0.00000000099999999942 0.00000000099999999942 0.00000000099999999942 
0.00000000099999999943 0.99999999200000022626 0.00000000099999999943 0.00000000099999999943 0.00000000099999999943 0.00000000099999999943 0.00000000099999999943 0.00000000099999999943 0.00000000099999999943 
0.00000000099999999947 0.99999999200000022626 0.00000000099999999947 0.00000000099999999947 0.00000000099999999947 0.00000000099999999947 0.00000000099999999947 0.00000000099999999947 0.00000000099999999947 
0.00000000099999999944 0.99999999200000011523 0.00000000099999999944 0.00000000099999999944 0.00000000099999999944 0.00000000099999999944 0.00000000099999999944 0.00000000099999999944 0.00000000099999999944 
0.00000000099999999946 0.99999999200000022626 0.00000000099999999946 0.00000000099999999946 0.00000000099999999946 0.00000000099999999946 0.00000000099999999946 0.00000000099999999946 0.00000000099999999946 
0.00000000099999999951 0.99999999200000022626 0.00000000099999999951 0.00000000099999999951 0.00000000099999999951 0.00000000099999999951 0.00000000099999999951 0.00000000099999999951 0.00000000099999999951 
0.00000000099999999952 0.99999999200000022626 0.00000000099999999952 0.00000000099999999952 0.00000000099999999952 0.00000000099999999952 0.00000000099999999952 0.00000000099999999952 0.00000000099999999952 
0.00000000099999999948 0.99999999200000022626 0.00000000099999999948 0.00000000099999999948 0.00000000099999999948 0.00000000099999999948 0.00000000099999999948 0.00000000099999999948 0.00000000099999999948 
0.00000000099999999978 0.00000000099999999978 0.00000000099999999978 0.00000000099999999978 0.00000000099999999978 0.00000000099999999978 0.00000000099999999978 0.00000000099999999978 0.99999999200000000421 
0.00000000099999999978 0.00000000099999999978 0.00000000099999999978 0.00000000099999999978 0.00000000099999999978 0.00000000099999999978 0.00000000099999999978 0.00000000099999999978 0.99999999200000000421 
0.00000000099999999981 0.00000000099999999981 0.00000000099999999981 0.00000000099999999981 0.00000000099999999981 0.00000000099999999981 0.00000000099999999981 0.00000000099999999981 0.99999999200000000421 
0.00000000099999999983 0.00004192278276475386 0.00000000099999999983 0.00000000099999999983 0.00000000099999999983 0.00000000099999999983 0.00000000099999999983 0.00000000099999999983 0.99995807021723515096 
0.00000000099999999994 0.00000000099999999994 0.00000000099999999994 0.00000000099999999994 0.00000000099999999994 0.00000000099999999994 0.00000000099999999994 0.00000000099999999994 0.99999999200000000421 
0.00000000099999999986 0.00000000099999999986 0.00000000099999999986 0.00000000099999999986 0.00000000099999999986 0.00000000099999999986 0.00000000099999999986 0.00000000099999999986 0.99999999199999989319 
0.00000000099999999985 0.00021352059561306636 0.00000000099999999985 0.00000000099999999985 0.00000000099999999985 0.00000000099999999985 0.00000000099999999985 0.00000000099999999985 0.99978647240438700550 
0.00000000099999999980 0.00000000099999999980 0.00000000099999999980 0.00000000099999999980 0.00000000099999999980 0.00000000099999999980 0.00000000099999999980 0.00000000099999999980 0.99999999199999989319 
0.00000000099999999980 0.00000000099999999980 0.00000000099999999980 0.00000000099999999980 0.00000000099999999980 0.00000000099999999980 0.00000000099999999980 0.00000000099999999980 0.99999999200000000421 
0.00000000099999999984 0.00019472650485481143 0.00000000099999999984 0.00000000099999999984 0.00000000099999999984 0.00000000099999999984 0.00000000099999999984 0.00000000099999999984 0.99980526649514522841 
0.00000000099999999991 0.00903623080240105632 0.00000000099999999991 0.00000000099999999991 0.00000000099999999991 0.00000000099999999991 0.00000000099999999991 0.00000000099999999991 0.99096376219759896298 
0.00000000099999999978 0.00000000099999999978 0.00000000099999999978 0.00000000099999999978 0.00000000099999999978 0.00000000099999999978 0.00000000099999999978 0.00000000099999999978 0.99999999200000000421 
0.00000000099999999979 0.00000000099999999979 0.00000000099999999979 0.00000000099999999979 0.00000000099999999979 0.00000000099999999979 0.00000000099999999979 0.00000000099999999979 0.99999999200000000421 
0.00000000099999999980 0.00000000099999999980 0.00000000099999999980 0.00000000099999999980 0.00000000099999999980 0.00000000099999999980 0.00000000099999999980 0.00000000099999999980 0.99999999200000000421 
0.00000000099999999978 0.00000000099999999978 0.00000000099999999978 0.00000000099999999978 0.00000000099999999978 0.00000000099999999978 0.00000000099999999978 0.00000000099999999978 0.99999999200000000421 
0.00000000099999999990 0.00001444428792251590 0.00000000099999999990 0.00000000099999999990 0.00000000099999999990 0.00000000099999999990 0.00000000099999999990 0.00000000099999999990 0.99998554871207745443 
0.00000000099999999985 0.00042226545328051074 0.00000000099999999985 0.00000000099999999985 0.00000000099999999985 0.00000000099999999985 0.00000000099999999985 0.00000000099999999985 0.99957772754671958548 
0.00000000099999999980 0.00000000099999999980 0.00000000099999999980 0.00000000099999999980 0.00000000099999999980 0.00000000099999999980 0.00000000099999999980 0.00000000099999999980 0.99999999200000000421 
0.00000000099999999977 0.00000000099999999977 0.00000000099999999977 0.00000000099999999977 0.00000000099999999977 0.00000000099999999977 0.00000000099999999977 0.00000000099999999977 0.99999999200000000421 
0.00000000099999999982 0.00087464353625507597 0.00000000099999999982 0.00000000099999999982 0.00000000099999999982 0.00000000099999999982 0.00000000099999999982 0.00000000099999999982 0.99912534946374487177 
0.00000000099999999978 0.00000000099999999978 0.00000000099999999978 0.00000000099999999978 0.00000000099999999978 0.00000000099999999978 0.00000000099999999978 0.00000000099999999978 0.99999999199999989319 
0.00000000099999999982 0.00000000099999999982 0.00000000099999999982 0.00000000099999999982 0.00000000099999999982 0.00000000099999999982 0.00000000099999999982 0.00000000099999999982 0.99999999200000000421 
0.00000000099999999980 0.00000000099999999980 0.00000000099999999980 0.00000000099999999980 0.00000000099999999980 0.00000000099999999980 0.00000000099999999980 0.00000000099999999980 0.99999999199999989319 
0.00000000099999999977 0.00000000099999999977 0.00000000099999999977 0.00000000099999999977 0.00000000099999999977 0.00000000099999999977 0.00000000099999999977 0.00000000099999999977 0.99999999200000000421 
0.00000000099999999976 0.00000000099999999976 0.00000000099999999976 0.00000000099999999976 0.00000000099999999976 0.00000000099999999976 0.00000000099999999976 0.00000000099999999976 0.99999999199999989319 
0.00000000099999999985 0.00009911951512048411 0.00000000099999999985 0.00000000099999999985 0.00000000099999999985 0.00000000099999999985 0.00000000099999999985 0.00000000099999999985 0.99990087348487943775 
0.00000000099999999996 0.00000000099999999996 0.00000000099999999996 0.00000000099999999996 0.00000000099999999996 0.00000000099999999996 0.00000000099999999996 0.00000000099999999996 0.99999999200000000421 
0.00000000099999999986 0.00000000099999999986 0.00000000099999999986 0.00000000099999999986 0.00000000099999999986 0.00000000099999999986 0.00000000099999999986 0.00000000099999999986 0.99999999200000000421 
0.00000000099999999981 0.00000000099999999981 0.00000000099999999981 0.00000000099999999981 0.00000000099999999981 0.00000000099999999981 0.00000000099999999981 0.00000000099999999981 0.99999999199999989319 
0.00000000099999999981 0.00000000099999999981 0.00000000099999999981 0.00000000099999999981 0.00000000099999999981 0.00000000099999999981 0.00000000099999999981 0.00000000099999999981 0.99999999200000000421 
0.00000000099999999982 0.00000000099999999982 0.00000000099999999982 0.00000000099999999982 0.00000000099999999982 0.00000000099999999982 0.00000000099999999982 0.00000000099999999982 0.99999999200000000421 
0.00000000099999999985 0.00000000099999999985 0.00000000099999999985 0.00000000099999999985 0.00000000099999999985 0.00000000099999999985 0.00000000099999999985 0.00000000099999999985 0.99999999199999989319 
0.00000000099999999983 0.00000012291555023845 0.00000000099999999983 0.00000000099999999983 0.00000000099999999983 0.00000000099999999983 0.00000000099999999983 0.00000000099999999983 0.99999987008444968239 
0.00000000099999999981 0.00000000099999999981 0.00000000099999999981 0.00000000099999999981 0.00000000099999999981 0.00000000099999999981 0.00000000099999999981 0.00000000099999999981 0.99999999200000000421 
0.00000000099999999990 0.00022739260056942227 0.00000000099999999990 0.00000000099999999990 0.00000000099999999990 0.00000000099999999990 0.00000000099999999990 0.00000000099999999990 0.99977260039943049996 
0.00000000099999999982 0.00000295244335263028 0.00000000099999999982 0.00000000099999999982 0.00000000099999999982 0.00000000099999999982 0.00000000099999999982 0.00000000099999999982 0.99999704055664728752 
0.00000000099999999978 0.00000000099999999978 0.00000000099999999978 0.00000000099999999978 0.00000000099999999978 0.00000000099999999978 0.00000000099999999978 0.00000000099999999978 0.99999999200000000421 
0.00000000099999999979 0.00000000140204202920 0.00000000099999999979 0.00000000099999999979 0.00000000099999999979 0.00000000099999999979 0.00000000099999999979 0.00000000099999999979 0.99999999159795793791 
0.00000000099999999993 0.00000000099999999993 0.00000000099999999993 0.00000000099999999993 0.00000000099999999993 0.00000000099999999993 0.00000000099999999993 0.00000000099999999993 0.99999999199999989319 
0.00000000099999999982 0.00000000099999999982 0.00000000099999999982 0.00000000099999999982 0.00000000099999999982 0.00000000099999999982 0.00000000099999999982 0.00000000099999999982 0.99999999200000000421 
0.00000000099999999979 0.00000000099999999979 0.00000000099999999979 0.00000000099999999979 0.00000000099999999979 0.00000000099999999979 0.00000000099999999979 0.00000000099999999979 0.99999999200000000421 
0.00000000099999999979 0.00000000099999999979 0.00000000099999999979 0.00000000099999999979 0.00000000099999999979 0.00000000099999999979 0.00000000099999999979 0.00000000099999999979 0.99999999199999989319 
0.00000000099999999980 0.00000000099999999980 0.00000000099999999980 0.00000000099999999980 0.00000000099999999980 0.00000000099999999980 0.00000000099999999980 0.00000000099999999980 0.99999999200000000421 
0.00000000099999999983 0.00000000099999999983 0.00000000099999999983 0.00000000099999999983 0.00000000099999999983 0.00000000099999999983 0.00000000099999999983 0.00000000099999999983 0.99999999200000000421 
0.00000000099999999979 0.00000000099999999979 0.00000000099999999979 0.00000000099999999979 0.00000000099999999979 0.00000000099999999979 0.00000000099999999979 0.00000000099999999979 0.99999999199999989319 
0.01637324180972072815 0.00000000099999999996 0.07725367181371381453 0.02156460684733119137 0.04732938588064463520 0.02910108958996132644 0.01974917389784273253 0.78862882816078549997 0.00000000099999999996 
0.01887803228463810074 0.00000000099999999996 0.08803336090734578678 0.04544041412415041753 0.02404590354316215456 0.05320325375563078607 0.01785295279954426245 0.75254608058552840966 0.00000000099999999996 
0.00317582880682118008 0.00000000099999999996 0.09437446817100959839 0.01890257810958748813 0.03582607304012520866 0.05114544154155168526 0.01346859114652179841 0.78310701718438302521 0.00000000099999999996 
0.03261708755589856623 0.00000000099999999997 0.09567712392950693256 0.02799919533160774229 0.01717482550406078043 0.03252298038191840657 0.00941753782717187453 0.78459124746983566201 0.00000000099999999997 
0.01998507648831689479 0.00000000099999999996 0.10181101048139416798 0.00132485956658096190 0.03674252403399034389 0.05849071652663299925 0.01683336283074728448 0.76481244807233728089 0.00000000099999999996 
0.05187067617219937032 0.00000000099999999997 0.09450009310850422672 0.00016951298964247225 0.01181981457437939267 0.01995101484995102925 0.01718207007227053051 0.80450681623305286827 0.00000000099999999997 
0.03364672168773181343 0.00000000099999999996 0.11931894686333031907 0.01144566793003290797 0.01082777533613006778 0.04698664119164915748 0.01395157639223055905 0.76382266859889513810 0.00000000099999999996 
0.03744098646595674790 0.00000000099999999997 0.09255138349424472943 0.00712355513589808635 0.03165299599568547478 0.04825123224475424272 0.01212473474018466169 0.77085510992327599400 0.00000000099999999997 
0.02576370038839802604 0.00000000099999999996 0.09897602997355763044 0.00949925476368075963 0.03515885063361197382 0.04651524110006588497 0.00315289961162306320 0.78093402152906266078 0.00000000099999999996 
0.02175633028309552700 0.00000000099999999997 0.11240266800635240196 0.01829576988759422720 0.02123419836417492559 0.05200968872422126466 0.01341220706941901805 0.76088913566514260189 0.00000000099999999997 
0.02226154864589103763 0.00000000099999999996 0.10418710970957369144 0.02030506815529654202 0.02126427996096923873 0.03837290838642574975 0.01383660881312313157 0.77977247432872054400 0.00000000099999999996 
0.01623016730321224371 0.00000000099999999997 0.08960754043458497853 0.00904307624448346010 0.05120640920220156239 0.02816352349610311279 0.01038872119864031086 0.79536056012077427368 0.00000000099999999997 
0.02546268290188928585 0.00000000099999999996 0.07492230338789067356 0.02028398980798265527 0.03860198476011521274 0.05827608644856596687 0.00000000099999999996 0.78245294969355605463 0.00000000099999999996 
0.03262153112571270636 0.00000000099999999996 0.10278673959065794119 0.01747715122137851948 0.02946855279365132724 0.04458359616767015865 0.00012476410083541673 0.77293766300009392189 0.00000000099999999996 
0.03371726425488284773 0.00000000099999999997 0.09548034105916776426 0.00928014676783251238 0.02103982253871404876 0.07239968425980734812 0.01990626854085600361 0.74817647057873926109 0.00000000099999999997 
0.02777150629562413764 0.00000000099999999996 0.10120285555680144651 0.00772969351443957963 0.01935511585191471498 0.06391144868084311370 0.00753968998441053011 0.77248968811596641082 0.00000000099999999996 
0.03111511534331419179 0.00000000099999999996 0.09003615269708470370 0.01147966314400192776 0.03608499203538324124 0.04273273656267220083 0.00233923213973630728 0.78621210607780744883 0.00000000099999999996 
0.03132243751036394713 0.00000000099999999996 0.09220225948458828091 0.01068553704037014662 0.01969583781583540000 0.05932490563067984585 0.01454653354302818183 0.77222248697513407034 0.00000000099999999996 
0.04345341804321644491 0.00000000099999999996 0.08644927172097238710 0.00869397150746889329 0.00508713873711118085 0.07157688910340999355 0.01604425921242215447 0.76869504967539881157 0.00000000099999999996 
0.02701806008090416877 0.00000000099999999997 0.09382873859842470743 0.01111662147066414148 0.01596163749497751805 0.05863892011245397384 0.00745789033478790053 0.78597812990778759268 0.00000000099999999997 
0.02908911151602575421 0.00000000099999999996 0.00000000099999999996 0.01755069800199627120 0.00000001716538302805 0.07533591593559335609 0.00633113767527138539 0.87169311670573013107 0.00000000099999999996 
0.00459729329414735894 0.00000000099999999995 0.00000000099999999995 0.00569897093827049714 0.01143217348250778753 0.08079796153287203964 0.00606598970436979419 0.89140760804783247817 0.00000000099999999995 
0.00248492070226738731 0.00000000099999999996 0.00000188395673631329 0.01115122701366846186 0.00883842778166106340 0.08911331341991414468 0.02259914894954412334 0.86581107617620833850 0.00000000099999999996 
0.00000000099999999996 0.00000000099999999996 0.00087642482696100087 0.00729539484433233080 0.01279851794527934669 0.08794216090534021091 0.01082834101406626552 0.88025915746402072504 0.00000000099999999996 
0.01962388361404137152 0.00000000099999999996 0.00000000099999999996 0.00001113908574025255 0.01296417116169859204 0.08907162113179585561 0.00409558109314499090 0.87423360091357882329 0.00000000099999999996 
0.00588463001537718657 0.00000000099999999996 0.00000000099999999996 0.00963933452399994527 0.01539095132718131496 0.08295446129366054744 0.00167772184288027064 0.88445289799690074428 0.00000000099999999996 
0.01740840129939452349 0.00000000099999999997 0.00000000099999999997 0.01008121991253495449 0.00264051987665813110 0.09005846356817115428 0.01100617138131105774 0.86880522096193013581 0.00000000099999999997 
0.01113269718366723983 0.00000000099999999996 0.00000000099999999996 0.00092564056118396522 0.00001730569690253608 0.08206647957986945574 0.00772968135684327668 0.89812819262153342770 0.00000000099999999996 
0.00399720731022541222 0.00000000099999999996 0.00015611897635680206 0.01481470085471287175 0.01329284220201707584 0.08899974817451297704 0.00942308440576034370 0.86931629607641447421 0.00000000099999999996 
0.00252529291892942664 0.00000000099999999995 0.00000000099999999995 0.01036922436546550488 0.01179582917029868561 0.09094899711651781293 0.00220401937863049695 0.88215663405015809495 0.00000000099999999995 
0.00000000099999999992 0.00000000099999999992 0.00000000099999999992 0.00000000099999999992 0.00000000099999999992 0.00000000099999999992 0.00000000099999999992 0.99999999200000000421 0.00000000099999999992 
0.00000000099999999994 0.00000000099999999994 0.00673054989785567843 0.00000000099999999994 0.00000000335665093873 0.00000000099999999994 0.00061752663273751177 0.99265191511275585601 0.00000000099999999994 
0.00000000099999999992 0.00000000099999999992 0.00214672030938718814 0.00000000099999999992 0.00000000099999999992 0.00000000099999999992 0.00000000099999999992 0.99785327269061285804 0.00000000099999999992 
0.00000000099999999994 0.00000000099999999994 0.01591818521048430496 0.00000000099999999994 0.00000000099999999994 0.00000000099999999994 0.00000000099999999994 0.98408180778951581669 0.00000000099999999994 
0.00000000099999999993 0.00000000099999999993 0.00000000099999999993 0.00000000099999999993 0.00000000099999999993 0.00000000099999999993 0.00000000099999999993 0.99999999199999989319 0.00000000099999999993 
0.00000000099999999993 0.00000000099999999993 0.00907565839102935507 0.00000000099999999993 0.00000000099999999993 0.00000000099999999993 0.00000000099999999993 0.99092433460897055841 0.00000000099999999993 
0.00000000099999999993 0.00000000099999999993 0.00953186094325437182 0.00000000099999999993 0.00000001780346374244 0.00000000099999999993 0.00000000099999999993 0.99046811525328193326 0.00000000099999999993 
0.00000000099999999991 0.00000000099999999991 0.00000000099999999991 0.00000000099999999991 0.00000000099999999991 0.00000000099999999991 0.00000000099999999991 0.99999999199999989319 0.00000000099999999991 
0.00000000099999999993 0.00000000099999999993 0.01055943066843150792 0.00000000099999999993 0.00000000099999999993 0.00000000099999999993 0.00000000099999999993 0.98944056233156851832 0.00000000099999999993 
0.00000000099999999991 0.00000000099999999991 0.00070224750517550215 0.00000000099999999991 0.00000000099999999991 0.00000000099999999991 0.00000000099999999991 0.99929774549482441870 0.00000000099999999991 
0.03251131783945356707 0.00000000099999999996 0.06923496589381207544 0.00424922778096000799 0.00522462329261793711 0.01739861642571512504 0.00894250475221474404 0.86243874201522641165 0.00000000099999999996 
0.01152406346591140079 0.00000000099999999995 0.07841922323038191811 0.00000000099999999995 0.00265709902177717686 0.03085664698266902747 0.00004814914626973382 0.87649481515299065837 0.00000000099999999995 
0.03343704000895395684 0.00000000099999999996 0.08543343793778003514 0.00000000099999999996 0.00585702481612880056 0.00182279095459064147 0.00844349573494945424 0.86500620754759705022 0.00000000099999999996 
0.01135534974864037608 0.00000000099999999995 0.08857191784120631295 0.00000175399099706590 0.00997781811464794853 0.03698593997623978585 0.00000000099999999995 0.85310721732826844121 0.00000000099999999995 
0.03080330198477451709 0.00000000099999999996 0.07966436973967604140 0.00001208158754097147 0.01787272945851966707 0.00326896124141814407 0.00000212763969517288 0.86837642634837541866 0.00000000099999999996 
0.01591121248380567010 0.00000000099999999998 0.09196211119282392266 0.00000000099999999998 0.01493478105251075556 0.00000024773929503679 0.00000000099999999998 0.87719164353156464653 0.00000000099999999998 
0.01082773347259512013 0.00000000099999999996 0.09090671523603029158 0.00000000099999999996 0.02137212530975455410 0.00002053170414935180 0.00548958004095841025 0.87138331123651235899 0.00000000099999999996 
0.03484133910904198272 0.00000000099999999996 0.04853157785881631603 0.00068412905514609083 0.01645043464629159652 0.02394556248026511597 0.00811204664672984105 0.86743490820370905414 0.00000000099999999996 
0.04202065097206123673 0.00000000099999999996 0.09093302129868387207 0.00000172390342061929 0.02649127456970786984 0.01282786281508411889 0.00001941973371850682 0.82770604470732367375 0.00000000099999999996 
0.01148510214799024730 0.00000000099999999995 0.07447192123477348880 0.00483919445894423570 0.03890821402007552804 0.02524529143861668767 0.00000000099999999995 0.84505027369959972994 0.00000000099999999995 
0.00479557874677068435 0.00000000099999999996 0.07628296182499612332 0.00147125641469548108 0.03464126750867502907 0.01582525275234432025 0.00000001657142541672 0.86698366418109285014 0.00000000099999999996 
0.03824771328063790443 0.00000000099999999996 0.05491172848945006374 0.01155617293270511450 0.02034000949334444780 0.01447673002528006292 0.00363768449835099325 0.85682995928023131249 0.00000000099999999996 
0.04504987031510152007 0.00000000099999999996 0.06976324655469445801 0.00312953661771859419 0.02556569886484322610 0.03397823106376684360 0.00530037859381227248 0.81721303599006300811 0.00000000099999999996 
0.02720276345012923383 0.00000000099999999996 0.09075175143600040795 0.00000000099999999996 0.01655851581149126242 0.03825721998038323496 0.00000853142214762826 0.82722121489984812293 0.00000000099999999996 
0.00736556222274090729 0.00000000099999999996 0.06373633800099967606 0.01377968409395427356 0.03880410892480359170 0.00801208487966729305 0.00000000099999999996 0.86830221887783409773 0.00000000099999999996 
0.03982491885229740708 0.00000000099999999997 0.08295463672843687852 0.00010193838171959435 0.01318956303547668546 0.03376192098370128791 0.00046987893013567949 0.82969714108823233722 0.00000000099999999997 
0.01165976797777532048 0.00000000099999999996 0.08615771271799303743 0.00000000099999999996 0.00012528943772400675 0.02575118237911504238 0.00515097803163906687 0.87115506645575346845 0.00000000099999999996 
0.01710474571747624614 0.00000000099999999995 0.07695755916351471049 0.00805188990258154554 0.01004065828193010518 0.03521938587048742408 0.00256289382608507806 0.85006286523792484733 0.00000000099999999995 
0.00002400812120521171 0.00000000099999999996 0.05835125091668212638 0.02055688911503332494 0.00868339791059192893 0.03058841844320132550 0.00000001471102893587 0.88179601878225710720 0.00000000099999999996 
0.00000033175627116281 0.00000000099999999995 0.05681119741097508113 0.00269276023387024889 0.00030845628877512656 0.01564632245634150001 0.00000000099999999995 0.92454092885376681910 0.00000000099999999995 
0.02632962292724654735 0.00000000099999999995 0.04898808349530721362 0.00000001165959910969 0.00139809433750409445 0.01221246385263175666 0.00814687931198079286 0.90292484241573034431 0.00000000099999999995 
0.00000000343753012567 0.00000000099999999996 0.07116773855514058056 0.00684724214764642451 0.00903573399341807935 0.02634177494024817281 0.00334693784538363844 0.88326056708063294121 0.00000000099999999996 
0.01607007126282866682 0.00000000099999999996 0.05908584104869193249 0.00777415515415708167 0.00095696998215341806 0.01160378591164515534 0.00477034015028050557 0.89973883449024327774 0.00000000099999999996 
0.01448833764150160401 0.00000000099999999996 0.07415750955878507023 0.00210118947082280592 0.00003891345630661433 0.02911952816712926051 0.00039828808364034547 0.87969623162181420639 0.00000000099999999996 
0.01151694318659988482 0.00000000099999999996 0.06724314186691170148 0.00726061328181940024 0.00001275477873448841 0.03661571359658442187 0.00000167019863620789 0.87734916109071381385 0.00000000099999999996 
0.00369717653253036479 0.00000000099999999996 0.07329896789934901846 0.01182681320462650176 0.00784935444335140009 0.03346986881170867234 0.01047955143737916948 0.85937826567105479736 0.00000000099999999996 
0.01042737183447007242 0.00000000099999999995 0.05158766830775824569 0.00796167665108206760 0.01050133548505042223 0.02167507446769021892 0.00012549184703199588 0.89772137940691698610 0.00000000099999999995 
0.01686375428430484519 0.00000000099999999995 0.06015417980900159001 0.00472522734598108691 0.00022879379348059040 0.00813748485003450671 0.00599604867990569199 0.90389450923729164344 0.00000000099999999995 
0.00071856071037116091 0.00000000099999999996 0.04998274172530516729 0.02154278680473763891 0.01507831473358942076 0.04463853563712224387 0.00825472817141557381 0.85978433021745870324 0.00000000099999999996 
0.00000000099999999995 0.00000000099999999995 0.03844925058832880660 0.00460663459612017240 0.00000001344536621479 0.00000025768132651067 0.00522245070744478419 0.95172138998141353472 0.00000000099999999995 
0.00000000407489101492 0.00000000099999999995 0.06551793947801615170 0.00013514964029118982 0.00000003861983397526 0.00000000099999999995 0.00002970746870305253 0.93431715771826473471 0.00000000099999999995 
0.01415446531139928285 0.00000000099999999996 0.04080329784210769833 0.00059677622824155405 0.00000000099999999996 0.00081308259796618874 0.00905320554565625102 0.93457916947462904567 0.00000000099999999996 
0.01372671929486727824 0.00000000099999999996 0.07316436476180775139 0.00973860463179469435 0.00617655090580131357 0.02650081551466675414 0.00558209471210013072 0.86511084817896199972 0.00000000099999999996 
