0.00000000099999999986 0.00000000099999999986 0.00000000099999999986 0.00000000099999999986 0.00000000099999999986 0.00000000099999999986 0.10041113896170844599 0.00000000099999999986 0.00000000099999999986 0.89958885303829150271 
0.00000000099999999987 0.00000000099999999987 0.00000000099999999987 0.00000000099999999987 0.00000000099999999987 0.00000000099999999987 0.09876929303957546202 0.00000000099999999987 0.00000000099999999987 0.90123069896042451443 
0.00000000099999999986 0.00000000099999999986 0.00000000099999999986 0.00000000099999999986 0.00000000099999999986 0.00000000099999999986 0.11097613908169323693 0.00000000099999999986 0.00000000099999999986 0.88902385291830676728 
0.00000000099999999994 0.00000000099999999994 0.00000000099999999994 0.00000000099999999994 0.00000000099999999994 0.00000000099999999994 0.10241376541148745904 0.00000000099999999994 0.00000000099999999994 0.89758622658851250353 
0.00000000099999999976 0.00000000099999999976 0.00000000099999999976 0.00000000099999999976 0.00000000099999999976 0.00000000099999999976 0.07392555356958334378 0.00000000099999999976 0.00000000099999999976 0.92607443843041670206 
0.00000000099999999996 0.00000000099999999996 0.00000000099999999996 0.00000000099999999996 0.00000000099999999996 0.00000000099999999996 0.13105231172401851647 0.00000000099999999996 0.00000000099999999996 0.86894768027598145999 
0.00000000099999999998 0.00000000099999999998 0.00010033994285610289 0.00000000099999999998 0.00000000099999999998 0.00000000099999999998 0.17131856834291600555 0.00000000099999999998 0.00036314991786665389 0.82821793579636127092 
0.00000000099999999966 0.00000000099999999966 0.00000000099999999966 0.00000000099999999966 0.00000000099999999966 0.00000000099999999966 0.99999999100000003249 0.00000000099999999966 0.00000000099999999966 0.00000000099999999966 
0.00000000099999999970 0.00000000099999999970 0.00000000099999999970 0.00000000099999999970 0.00000000099999999970 0.00000000099999999970 0.99999999099999992147 0.00000000099999999970 0.00000000099999999970 0.00000000099999999970 
0.00000000099999999972 0.00000000099999999972 0.00000000099999999972 0.00000000099999999972 0.00000000099999999972 0.00000000099999999972 0.99999999099999992147 0.00000000099999999972 0.00000000099999999972 0.00000000099999999972 
0.00000000099999999970 0.00000000099999999970 0.00000000099999999970 0.00000000099999999970 0.00000000099999999970 0.00000000099999999970 0.99999999099999992147 0.00000000099999999970 0.00000000099999999970 0.00000000099999999970 
0.00000000099999999970 0.00000000099999999970 0.00000000099999999970 0.00000000099999999970 0.00000000099999999970 0.00000000099999999970 0.99999999100000003249 0.00000000099999999970 0.00000000099999999970 0.00000000099999999970 
0.00000000099999999973 0.00000000099999999973 0.00000000099999999973 0.00000000099999999973 0.00000000099999999973 0.00000000099999999973 0.99999999099999992147 0.00000000099999999973 0.00000000099999999973 0.00000000099999999973 
0.00000000099999999975 0.00000000099999999975 0.00000000099999999975 0.00000000099999999975 0.00000000099999999975 0.00000000099999999975 0.99999999100000003249 0.00000000099999999975 0.00000000099999999975 0.00000000099999999975 
0.00000000099999999970 0.00000000099999999970 0.00000000099999999970 0.00000000099999999970 0.00000000099999999970 0.00000000099999999970 0.99999999100000003249 0.00000000099999999970 0.00000000099999999970 0.00000000099999999970 
0.00000000099999999966 0.00000000099999999966 0.00000000099999999966 0.00000000099999999966 0.00000000099999999966 0.00000000099999999966 0.99999999100000003249 0.00000000099999999966 0.00000000099999999966 0.00000000099999999966 
0.00000000099999999975 0.00000000099999999975 0.00000000099999999975 0.00000000099999999975 0.00000000099999999975 0.00000000099999999975 0.99999999099999992147 0.00000000099999999975 0.00000000099999999975 0.00000000099999999975 
0.00000000099999999972 0.00000000099999999972 0.00000000099999999972 0.00000000099999999972 0.00000000099999999972 0.00000000099999999972 0.99999999099999992147 0.00000000099999999972 0.00000000099999999972 0.00000000099999999972 
0.00000000099999999971 0.00000000099999999971 0.00000000099999999971 0.00000000099999999971 0.00000000099999999971 0.00000000099999999971 0.99999999099999992147 0.00000000099999999971 0.00000000099999999971 0.00000000099999999971 
0.00000000099999999967 0.00000000099999999967 0.00000000099999999967 0.00000000099999999967 0.00000000099999999967 0.00000000099999999967 0.99999999100000003249 0.00000000099999999967 0.00000000099999999967 0.00000000099999999967 
0.00000000099999999972 0.00000000099999999972 0.00000000099999999972 0.00000000099999999972 0.00000000099999999972 0.00000000099999999972 0.99999999099999992147 0.00000000099999999972 0.00000000099999999972 0.00000000099999999972 
0.00000000099999999970 0.00000000099999999970 0.00000000099999999970 0.00000000099999999970 0.00000000099999999970 0.00000000099999999970 0.99999999100000003249 0.00000000099999999970 0.00000000099999999970 0.00000000099999999970 
0.00000000099999999974 0.00000000099999999974 0.00000000099999999974 0.00000000099999999974 0.00000000099999999974 0.00000000099999999974 0.99999999099999992147 0.00000000099999999974 0.00000000099999999974 0.00000000099999999974 
0.00000000099999999970 0.00000000099999999970 0.00000000099999999970 0.00000000099999999970 0.00000000099999999970 0.00000000099999999970 0.99999999100000003249 0.00000000099999999970 0.00000000099999999970 0.00000000099999999970 
0.00000000099999999966 0.00000000099999999966 0.00000000099999999966 0.00000000099999999966 0.00000000099999999966 0.00000000099999999966 0.99999999100000003249 0.00000000099999999966 0.00000000099999999966 0.00000000099999999966 
0.00000000099999999971 0.00000000099999999971 0.00000000099999999971 0.00000000099999999971 0.00000000099999999971 0.00000000099999999971 0.99999999100000003249 0.00000000099999999971 0.00000000099999999971 0.00000000099999999971 
0.00000000099999999981 0.00000000099999999981 0.00000000099999999981 0.00000000099999999981 0.00000000099999999981 0.00000000099999999981 0.99999999100000003249 0.00000000099999999981 0.00000000099999999981 0.00000000099999999981 
0.00000000099999999995 0.01326111773490553682 0.66075001387455623014 0.00000044351675464605 0.00035539492678667245 0.00000000099999999995 0.21693585480809718380 0.00000000099999999995 0.00170423360700677025 0.10699293853189308090 
0.00000000099999999994 0.00000000099999999994 0.65959972700885416419 0.00000000099999999994 0.00000000099999999994 0.00001161416984255966 0.22974294445604889758 0.00000000099999999994 0.00034900723378926391 0.11029670213146494651 
0.00000000099999999995 0.00248178582726463117 0.64548335599491102332 0.00000000099999999995 0.00000000099999999995 0.00757725935704388429 0.21606978875742885449 0.00000000099999999995 0.00876678114111161672 0.11962102492224013783 
0.00000000099999999994 0.00145529466662382492 0.67357425221742717181 0.00000000099999999994 0.00000000099999999994 0.00000000099999999994 0.21857053767808479194 0.00000000099999999994 0.00000000099999999994 0.10639990943786452327 
0.00000000099999999996 0.00000000355576205920 0.64739663981256068137 0.00350310287639867468 0.00614473519477645377 0.00000005124441548245 0.23405999351349709992 0.00000000099999999996 0.00000000099999999996 0.10889547080258966949 
0.00000000099999999994 0.00000000099999999994 0.67904338331594460421 0.00000000099999999994 0.00000000099999999994 0.00000000099999999994 0.22294111598233370963 0.00000000099999999994 0.00052103766036383275 0.09749445704135782653 
0.00000000099999999995 0.00392944502583585792 0.63606554496104528162 0.00000000099999999995 0.00000000171552650668 0.00442806020011286307 0.24925780474912206941 0.00000000099999999995 0.00398539029592356354 0.10233375005243405820 
0.00000000099999999996 0.00000000099999999996 0.63045211888992924720 0.00015749256219899565 0.00111812356230716063 0.00646361469069793495 0.24622931753456708814 0.00000000099999999996 0.00000231233109771689 0.11557701742920171994 
0.00000000099999999995 0.00736934675658595852 0.66303600702361542574 0.00000000099999999995 0.00021422395403391088 0.00341889232467775406 0.22471710635994501803 0.00000000099999999995 0.00000007586045987668 0.10124434472068188917 
0.00000000099999999993 0.00000000099999999993 0.68145143807784291923 0.00000000099999999993 0.00000000099999999993 0.00000000452573065310 0.23720910628766297967 0.00000000099999999993 0.00000204359567483315 0.08133740251308865798 
0.00000000099999999997 0.00727435828134475031 0.62516491604155643991 0.00000000099999999997 0.00000000099999999997 0.00294482569694348240 0.25951108845910980660 0.00000000099999999997 0.00028183593500113481 0.10482297158604440834 
0.00000000099999999996 0.00000000099999999996 0.63578449265239644905 0.00000000099999999996 0.02170857814544263978 0.00858459807306838352 0.22500082482338421008 0.00000000099999999996 0.00000000099999999996 0.10892150130570840694 
0.00000000099999999996 0.00387007755866759220 0.60975577717003270894 0.00088631069778558850 0.01283235456951888065 0.00000000099999999996 0.21379785874167947513 0.00000000099999999996 0.00000424876762696287 0.15885336949468881196 
0.00000000099999999996 0.01035338111906576077 0.64515415733300218726 0.00000000099999999996 0.00566063591807480868 0.00285371247891297091 0.24899559803434292982 0.00000000099999999996 0.00000000099999999996 0.08698251111660150470 
0.00000000099999999997 0.00001173099104187897 0.65524302811865675622 0.00252384892186594120 0.00672866769203725977 0.01024368803795369827 0.22316342117816048707 0.00000000099999999997 0.00108951723288089742 0.10099609582740305680 
0.00000000099999999997 0.00456561315130850354 0.64927470898371608676 0.00570205469380281535 0.00000214416546694960 0.00068861459067886784 0.22137404083572223557 0.00000000099999999997 0.00307004414359873063 0.11532277743570577833 
0.00000000099999999996 0.00000156537527384112 0.64823955207469619033 0.00000000099999999996 0.00764609515170043205 0.00026506801198634294 0.22507321140887104338 0.00000000099999999996 0.00011813504508543700 0.11865636993238655450 
0.00000000099999999996 0.01539944403227249715 0.63621920239152496279 0.00000000099999999996 0.00000004547342634888 0.00062086719691482916 0.24777637993834566998 0.00000000099999999996 0.00250779253905207599 0.09747626542846370146 
0.00000000099999999997 0.01796215810538595581 0.63364023996769403002 0.00000248148090495585 0.00005420955911255477 0.00291389397827676241 0.21177237205231647099 0.00000000099999999997 0.00966534807259510596 0.12398929478371426005 
0.00000000099999999994 0.00000000099999999994 0.60436393896847251384 0.00000000099999999994 0.00058520078563018940 0.00823884729621527506 0.28414302123471901762 0.00000000099999999994 0.00251893539799125489 0.10015005231697185484 
0.00000000099999999968 0.00000000099999999968 0.00000000099999999968 0.99999999100000014352 0.00000000099999999968 0.00000000099999999968 0.00000000099999999968 0.00000000099999999968 0.00000000099999999968 0.00000000099999999968 
0.00000000099999999958 0.00000000099999999958 0.00000000099999999958 0.99999999100000014352 0.00000000099999999958 0.00000000099999999958 0.00000000099999999958 0.00000000099999999958 0.00000000099999999958 0.00000000099999999958 
0.00000000099999999946 0.00000000099999999946 0.00000000099999999946 0.99999999100000014352 0.00000000099999999946 0.00000000099999999946 0.00000000099999999946 0.00000000099999999946 0.00000000099999999946 0.00000000099999999946 
0.01892637085341770595 0.00000000099999999998 0.02578294190320820981 0.95528705062136509696 0.00000000099999999998 0.00000000099999999998 0.00000000099999999998 0.00000362342596459436 0.00000000099999999998 0.00000000819604455059 
0.00000000099999999959 0.00000000099999999959 0.00000000099999999959 0.99999999100000003249 0.00000000099999999959 0.00000000099999999959 0.00000000099999999959 0.00000000099999999959 0.00000000099999999959 0.00000000099999999959 
0.00000000099999999957 0.00000000099999999957 0.00000000099999999957 0.99999999100000003249 0.00000000099999999957 0.00000000099999999957 0.00000000099999999957 0.00000000099999999957 0.00000000099999999957 0.00000000099999999957 
0.00000000099999999976 0.00000000099999999976 0.00000000099999999976 0.99999999100000003249 0.00000000099999999976 0.00000000099999999976 0.00000000099999999976 0.00000000099999999976 0.00000000099999999976 0.00000000099999999976 
0.01026650172864270599 0.05282655531841481261 0.08811370661367465273 0.78540731137462693745 0.00007298447338340647 0.00002388184705863678 0.03638060734551874786 0.00000000100000000000 0.00000000100000000000 0.02690844929868008162 
0.00000000099999999962 0.00000000099999999962 0.00000000099999999962 0.99999999100000014352 0.00000000099999999962 0.00000000099999999962 0.00000000099999999962 0.00000000099999999962 0.00000000099999999962 0.00000000099999999962 
0.00000000099999999983 0.00000000099999999983 0.00000000099999999983 0.99999999100000003249 0.00000000099999999983 0.00000000099999999983 0.00000000099999999983 0.00000000099999999983 0.00000000099999999983 0.00000000099999999983 
0.00000000099999999965 0.00000000099999999965 0.00000000099999999965 0.99999999100000014352 0.00000000099999999965 0.00000000099999999965 0.00000000099999999965 0.00000000099999999965 0.00000000099999999965 0.00000000099999999965 
0.00000026410230995678 0.00000000099999999998 0.00000000099999999998 0.99997776604916022158 0.00000000099999999998 0.00000000099999999998 0.00000000431300192458 0.00000000099999999998 0.00000000099999999998 0.00002195953552807816 
0.00000000099999999959 0.00000000099999999959 0.00000000099999999959 0.99999999100000014352 0.00000000099999999959 0.00000000099999999959 0.00000000099999999959 0.00000000099999999959 0.00000000099999999959 0.00000000099999999959 
0.00000000099999999948 0.00000000099999999948 0.00000000099999999948 0.99999999100000003249 0.00000000099999999948 0.00000000099999999948 0.00000000099999999948 0.00000000099999999948 0.00000000099999999948 0.00000000099999999948 
0.00000000099999999945 0.00000000099999999945 0.00000000099999999945 0.99999999100000003249 0.00000000099999999945 0.00000000099999999945 0.00000000099999999945 0.00000000099999999945 0.00000000099999999945 0.00000000099999999945 
0.00000000099999999952 0.00000000099999999952 0.00000000099999999952 0.99999999100000003249 0.00000000099999999952 0.00000000099999999952 0.00000000099999999952 0.00000000099999999952 0.00000000099999999952 0.00000000099999999952 
0.00000000099999999949 0.00000000099999999949 0.00000000099999999949 0.99999999100000003249 0.00000000099999999949 0.00000000099999999949 0.00000000099999999949 0.00000000099999999949 0.00000000099999999949 0.00000000099999999949 
0.00000000099999999947 0.00000000099999999947 0.00000000099999999947 0.99999999100000003249 0.00000000099999999947 0.00000000099999999947 0.00000000099999999947 0.00000000099999999947 0.00000000099999999947 0.00000000099999999947 
0.00000000099999999945 0.00000000099999999945 0.00000000099999999945 0.99999999100000003249 0.00000000099999999945 0.00000000099999999945 0.00000000099999999945 0.00000000099999999945 0.00000000099999999945 0.00000000099999999945 
0.00000000099999999939 0.00000000099999999939 0.00000000099999999939 0.99999999100000003249 0.00000000099999999939 0.00000000099999999939 0.00000000099999999939 0.00000000099999999939 0.00000000099999999939 0.00000000099999999939 
0.00000000099999999941 0.00000000099999999941 0.00000000099999999941 0.99999999100000014352 0.00000000099999999941 0.00000000099999999941 0.00000000099999999941 0.00000000099999999941 0.00000000099999999941 0.00000000099999999941 
0.00000000099999999945 0.00000000099999999945 0.00000000099999999945 0.99999999100000014352 0.00000000099999999945 0.00000000099999999945 0.00000000099999999945 0.00000000099999999945 0.00000000099999999945 0.00000000099999999945 
0.00000000099999999942 0.00000000099999999942 0.00000000099999999942 0.99999999100000003249 0.00000000099999999942 0.00000000099999999942 0.00000000099999999942 0.00000000099999999942 0.00000000099999999942 0.00000000099999999942 
0.00000000099999999944 0.00000000099999999944 0.00000000099999999944 0.99999999100000003249 0.00000000099999999944 0.00000000099999999944 0.00000000099999999944 0.00000000099999999944 0.00000000099999999944 0.00000000099999999944 
0.00000000099999999949 0.00000000099999999949 0.00000000099999999949 0.99999999100000003249 0.00000000099999999949 0.00000000099999999949 0.00000000099999999949 0.00000000099999999949 0.00000000099999999949 0.00000000099999999949 
0.00000000099999999950 0.00000000099999999950 0.00000000099999999950 0.99999999100000014352 0.00000000099999999950 0.00000000099999999950 0.00000000099999999950 0.00000000099999999950 0.00000000099999999950 0.00000000099999999950 
0.00000000099999999946 0.00000000099999999946 0.00000000099999999946 0.99999999100000003249 0.00000000099999999946 0.00000000099999999946 0.00000000099999999946 0.00000000099999999946 0.00000000099999999946 0.00000000099999999946 
0.99999999100000025454 0.00000000099999999966 0.00000000099999999966 0.00000000099999999966 0.00000000099999999966 0.00000000099999999966 0.00000000099999999966 0.00000000099999999966 0.00000000099999999966 0.00000000099999999966 
0.99999993380880713989 0.00000000099999999964 0.00000000099999999964 0.00000000099999999964 0.00000000099999999964 0.00000000099999999964 0.00000000099999999964 0.00000005819119303262 0.00000000099999999964 0.00000000099999999964 
0.99386357942457104198 0.00000000099999999968 0.00000000099999999968 0.00000000099999999968 0.00000000099999999968 0.00000000099999999968 0.00000000099999999968 0.00613641257542905678 0.00000000099999999968 0.00000000099999999968 
0.99859147829983330169 0.00000000099999999969 0.00000000099999999969 0.00000015345417331608 0.00000000099999999969 0.00000000099999999969 0.00000000099999999969 0.00140836124599341998 0.00000000099999999969 0.00000000099999999969 
0.99308202581427629241 0.00000000099999999987 0.00000000099999999987 0.00000000099999999987 0.00000000099999999987 0.00000000099999999987 0.00000000099999999987 0.00691796618572394339 0.00000000099999999987 0.00000000099999999987 
0.99999991047932823562 0.00000000099999999976 0.00000000099999999976 0.00000000099999999976 0.00000000099999999976 0.00000000099999999976 0.00000000099999999976 0.00000008152067192258 0.00000000099999999976 0.00000000099999999976 
0.99999999100000025454 0.00000000099999999968 0.00000000099999999968 0.00000000099999999968 0.00000000099999999968 0.00000000099999999968 0.00000000099999999968 0.00000000099999999968 0.00000000099999999968 0.00000000099999999968 
0.99999999100000014352 0.00000000099999999966 0.00000000099999999966 0.00000000099999999966 0.00000000099999999966 0.00000000099999999966 0.00000000099999999966 0.00000000099999999966 0.00000000099999999966 0.00000000099999999966 
0.99999999100000014352 0.00000000099999999966 0.00000000099999999966 0.00000000099999999966 0.00000000099999999966 0.00000000099999999966 0.00000000099999999966 0.00000000099999999966 0.00000000099999999966 0.00000000099999999966 
0.99969375604556243164 0.00000000099999999969 0.00000000099999999969 0.00030330082019433210 0.00000000099999999969 0.00000000099999999969 0.00000000099999999969 0.00000293613424331429 0.00000000099999999969 0.00000000099999999969 
0.98364196319224039833 0.00000000099999999974 0.00000000099999999974 0.01410931298565794995 0.00000000099999999974 0.00000000099999999974 0.00000000099999999974 0.00224871682210184536 0.00000000099999999974 0.00000000099999999974 
0.98284640746532858646 0.00000000099999999967 0.00000000099999999967 0.00000000099999999967 0.00000000099999999967 0.00000000099999999967 0.00000000099999999967 0.01715358453467157387 0.00000000099999999967 0.00000000099999999967 
0.99999999100000025454 0.00000000099999999964 0.00000000099999999964 0.00000000099999999964 0.00000000099999999964 0.00000000099999999964 0.00000000099999999964 0.00000000099999999964 0.00000000099999999964 0.00000000099999999964 
0.99999999100000025454 0.00000000099999999964 0.00000000099999999964 0.00000000099999999964 0.00000000099999999964 0.00000000099999999964 0.00000000099999999964 0.00000000099999999964 0.00000000099999999964 0.00000000099999999964 
0.99475307666524004357 0.00000000099999999965 0.00000000099999999965 0.00000000099999999965 0.00000000099999999965 0.00000000099999999965 0.00000000099999999965 0.00524691533476022345 0.00000000099999999965 0.00000000099999999965 
0.99983180782805047837 0.00000000099999999984 0.00000000099999999984 0.00002477649672361841 0.00000000099999999984 0.00000000099999999984 0.00000000099999999984 0.00014340867522593062 0.00000000099999999984 0.00000000099999999984 
0.99999999036700082389 0.00000000099999999973 0.00000000099999999973 0.00000000163299929973 0.00000000099999999973 0.00000000099999999973 0.00000000099999999973 0.00000000099999999973 0.00000000099999999973 0.00000000099999999973 
0.99999995825893317480 0.00000000099999999966 0.00000000099999999966 0.00000000099999999966 0.00000000099999999966 0.00000000099999999966 0.00000000099999999966 0.00000003374106694910 0.00000000099999999966 0.00000000099999999966 
0.99999999100000014352 0.00000000099999999963 0.00000000099999999963 0.00000000099999999963 0.00000000099999999963 0.00000000099999999963 0.00000000099999999963 0.00000000099999999963 0.00000000099999999963 0.00000000099999999963 
0.99999995713858857993 0.00000000099999999968 0.00000000099999999968 0.00000000176548985348 0.00000000099999999968 0.00000000099999999968 0.00000000099999999968 0.00000003409592163662 0.00000000099999999968 0.00000000099999999968 
0.98390606986636153231 0.00000000099999999964 0.00000000099999999964 0.00000000099999999964 0.00000000099999999964 0.00000000099999999964 0.00000000099999999964 0.01609392213363869395 0.00000000099999999964 0.00000000099999999964 
0.99988795944111708014 0.00000000099999999970 0.00000000099999999970 0.00000000099999999970 0.00000000099999999970 0.00000000099999999970 0.00000000099999999970 0.00011203255888302183 0.00000000099999999970 0.00000000099999999970 
0.99999910404607927905 0.00000000099999999965 0.00000000099999999965 0.00000000099999999965 0.00000000099999999965 0.00000000099999999965 0.00000000099999999965 0.00000088795392084457 0.00000000099999999965 0.00000000099999999965 
0.99983507674410798671 0.00000000099999999963 0.00000000099999999963 0.00000000099999999963 0.00000000099999999963 0.00000000099999999963 0.00000000099999999963 0.00016491525589223840 0.00000000099999999963 0.00000000099999999963 
0.99999999100000014352 0.00000000099999999961 0.00000000099999999961 0.00000000099999999961 0.00000000099999999961 0.00000000099999999961 0.00000000099999999961 0.00000000099999999961 0.00000000099999999961 0.00000000099999999961 
0.99999999100000014352 0.00000000099999999968 0.00000000099999999968 0.00000000099999999968 0.00000000099999999968 0.00000000099999999968 0.00000000099999999968 0.00000000099999999968 0.00000000099999999968 0.00000000099999999968 
0.99994218806889478834 0.00000000099999999990 0.00000000099999999990 0.00000000134897505054 0.00000000099999999990 0.00000000099999999990 0.00000000099999999990 0.00005780358213039588 0.00000000099999999990 0.00000000099999999990 
0.99999938514927866340 0.00000000099999999976 0.00000000099999999976 0.00000000099999999976 0.00000000099999999976 0.00000000099999999976 0.00000000099999999976 0.00000060685072158408 0.00000000099999999976 0.00000000099999999976 
0.99999999100000014352 0.00000000099999999965 0.00000000099999999965 0.00000000099999999965 0.00000000099999999965 0.00000000099999999965 0.00000000099999999965 0.00000000099999999965 0.00000000099999999965 0.00000000099999999965 
0.99993571130953784465 0.00000000099999999966 0.00000000099999999966 0.00000000099999999966 0.00000000099999999966 0.00000000099999999966 0.00000000099999999966 0.00006428069046233130 0.00000000099999999966 0.00000000099999999966 
0.99999999100000025454 0.00000000099999999966 0.00000000099999999966 0.00000000099999999966 0.00000000099999999966 0.00000000099999999966 0.00000000099999999966 0.00000000099999999966 0.00000000099999999966 0.00000000099999999966 
0.99999997981819188642 0.00000000099999999967 0.00000000099999999967 0.00000000099999999967 0.00000000099999999967 0.00000000099999999967 0.00000000099999999967 0.00000001218180833271 0.00000000099999999967 0.00000000099999999967 
0.99999999100000014352 0.00000000099999999968 0.00000000099999999968 0.00000000099999999968 0.00000000099999999968 0.00000000099999999968 0.00000000099999999968 0.00000000099999999968 0.00000000099999999968 0.00000000099999999968 
0.99999999100000014352 0.00000000099999999964 0.00000000099999999964 0.00000000099999999964 0.00000000099999999964 0.00000000099999999964 0.00000000099999999964 0.00000000099999999964 0.00000000099999999964 0.00000000099999999964 
0.99999999028219843655 0.00000000099999999973 0.00000000099999999973 0.00000000099999999973 0.00000000099999999973 0.00000000099999999973 0.00000000099999999973 0.00000000171780174227 0.00000000099999999973 0.00000000099999999973 
0.99999999100000025454 0.00000000099999999965 0.00000000099999999965 0.00000000099999999965 0.00000000099999999965 0.00000000099999999965 0.00000000099999999965 0.00000000099999999965 0.00000000099999999965 0.00000000099999999965 
0.99999993799002628858 0.00000000099999999964 0.00000000099999999964 0.00000000099999999964 0.00000000099999999964 0.00000000099999999964 0.00000000099999999964 0.00000005400997394604 0.00000000099999999964 0.00000000099999999964 
0.99999630880259493537 0.00000000099999999965 0.00000000099999999965 0.00000000099999999965 0.00000000099999999965 0.00000000099999999965 0.00000000099999999965 0.00000368319740517898 0.00000000099999999965 0.00000000099999999965 
0.98903127860570239083 0.00000000099999999985 0.00000000099999999985 0.00000000099999999985 0.00000000099999999985 0.00000000099999999985 0.00000000099999999985 0.01096871339429788574 0.00000000099999999985 0.00000000099999999985 
0.99943660043351156830 0.00000000099999999971 0.00000000099999999971 0.00000000099999999971 0.00000000099999999971 0.00000000099999999971 0.00000000099999999971 0.00056339156648855116 0.00000000099999999971 0.00000000099999999971 
0.99999999100000025454 0.00000000099999999963 0.00000000099999999963 0.00000000099999999963 0.00000000099999999963 0.00000000099999999963 0.00000000099999999963 0.00000000099999999963 0.00000000099999999963 0.00000000099999999963 
0.97656342113392180515 0.00000000099999999967 0.00000000099999999967 0.00000000099999999967 0.00000000099999999967 0.00000000099999999967 0.00000000099999999967 0.02343657086607829967 0.00000000099999999967 0.00000000099999999967 
0.99999999100000014352 0.00000000099999999965 0.00000000099999999965 0.00000000099999999965 0.00000000099999999965 0.00000000099999999965 0.00000000099999999965 0.00000000099999999965 0.00000000099999999965 0.00000000099999999965 
0.99999999100000014352 0.00000000099999999966 0.00000000099999999966 0.00000000099999999966 0.00000000099999999966 0.00000000099999999966 0.00000000099999999966 0.00000000099999999966 0.00000000099999999966 0.00000000099999999966 
0.99999304146839362861 0.00000000099999999966 0.00000000099999999966 0.00000000099999999966 0.00000000099999999966 0.00000000099999999966 0.00000000099999999966 0.00000695053160658986 0.00000000099999999966 0.00000000099999999966 
0.00000000099999999995 0.01646734584365585480 0.78863334234428994485 0.00000000099999999995 0.02904586890079877484 0.02157647416345339145 0.04722208032175311682 0.00000000099999999995 0.01976153206256052453 0.07729335336348851226 
0.00000000099999999994 0.01899681942152361275 0.75254356338089289924 0.00000000099999999994 0.05313180928893101312 0.04544938090328833058 0.02393711359268881067 0.00000000099999999994 0.01786310507346299328 0.08807820533921249806 
0.00000000099999999994 0.00345321185497500646 0.78304051975696276067 0.00000000099999999994 0.05103617796507614601 0.01888961266862675473 0.03568958110522848365 0.00000000099999999994 0.01347816808900637910 0.09441272556012442196 
0.00000000099999999995 0.03273247439808710246 0.78457849203530338755 0.00000000099999999995 0.03246429807010743629 0.02801439761557554878 0.01705303213532128118 0.00000000099999999995 0.00943274538076683058 0.09572455736483861943 
0.00000000099999999994 0.02010548977592757289 0.76481929397081305222 0.00000000099999999994 0.05840972657449049893 0.00135341855386125667 0.03662164160319988926 0.00000000099999999994 0.01684300326905933953 0.10184742325264860285 
0.00000000099999999996 0.05198478116419605333 0.80451639320945778078 0.00000000099999999996 0.01989176284657388424 0.00019590408660124305 0.01167693587166255230 0.00000000099999999996 0.01719677775587305502 0.09453744206563556574 
0.00000000099999999995 0.03376268816124643191 0.76384415478843614711 0.00000000099999999995 0.04691793057635114395 0.01146627413657661659 0.01067887127948087371 0.00000000099999999995 0.01396808797218920990 0.11936199008571951596 
0.00000000099999999995 0.03754592011336915086 0.77084476836329940408 0.00000000099999999995 0.04818454499159024323 0.00714267631012484305 0.03154092101038445672 0.00000000099999999995 0.01213471541824746522 0.09260645079298454596 
0.00000000099999999995 0.02588010303957892499 0.78092015577840889762 0.00000000099999999995 0.04644831016048645012 0.00951206680707011518 0.03503878655096524103 0.00000000099999999995 0.00317728608494222001 0.09902328857854816868 
0.00000000099999999996 0.02186495250202458857 0.76090045540762307752 0.00000000099999999996 0.05194576924996602285 0.01830949002501193121 0.02111080247402201404 0.00000000099999999996 0.01342595178360650281 0.11244257555774596347 
0.00000000099999999995 0.02237905502484802828 0.77977648144164934951 0.00000000099999999995 0.03830233892378448468 0.02031638999685111274 0.02113395661220920582 0.00000000099999999995 0.01384947209316394340 0.10424230290749418593 
0.00000000099999999996 0.01635170640831350164 0.79535485619514145750 0.00000000099999999996 0.02809305037006609371 0.00905673862675425261 0.05109019032195502574 0.00000000099999999996 0.01040666766021442098 0.08964678741755546798 
0.00000000099999999993 0.02558045551008374455 0.78242988343173813792 0.00000000099999999993 0.05822109398338467384 0.02030427718541279181 0.03849670825991109713 0.00000000099999999993 0.00000000099999999993 0.07496757762946966441 
0.00000000099999999994 0.03272558051189409373 0.77291521266235907461 0.00000000099999999994 0.04451630329188917962 0.01748710595520343650 0.02934402374994406898 0.00000000099999999994 0.00017872481609157022 0.10283304601261875066 
0.00000000099999999995 0.03381924641483995825 0.74818571186503279868 0.00000000099999999995 0.07234108902905397875 0.00929849604412830676 0.02092034691032050586 0.00000000099999999995 0.01991646530432380352 0.09551864143230076598 
0.00000000099999999994 0.02788835626110163640 0.77255434591271143763 0.00000000099999999994 0.06380403213139569651 0.00774312180183511691 0.01920440653786703589 0.00000000099999999994 0.00755405403573063995 0.10125168031935848079 
0.00000000099999999994 0.03123787085594019811 0.78620390381623261877 0.00000000099999999994 0.04264850613512530947 0.01149509176456905632 0.03596867465217726267 0.00000000099999999994 0.00236278470730363422 0.09008316506865182705 
0.00000000099999999993 0.03142776422166308758 0.77222320553339973692 0.00000000099999999993 0.05926729529172453104 0.01070197717006194163 0.01957294694552182482 0.00000000099999999993 0.01455824257783289166 0.09224856525979598099 
0.00000000099999999994 0.04359109898560151186 0.76875360617914612060 0.00000000099999999994 0.07150925670171887072 0.00872455624861835817 0.00485917228407820902 0.00000000099999999994 0.01606016307087853451 0.08650214352995845568 
0.00000000099999999995 0.02715149288683296400 0.78597907192728688752 0.00000000099999999995 0.05857003496995685093 0.01112931424718768651 0.01582470084903747284 0.00000000099999999995 0.00747461445563949237 0.09387076766405871853 
0.00000000099999999993 0.02931468659968874610 0.87159418122383303107 0.00000000099999999993 0.07520257083093466466 0.01754266422396320857 0.00000000099999999993 0.00000000099999999993 0.00634589212158045545 0.00000000099999999993 
0.00000000099999999993 0.00503921874181827677 0.89132247997121827332 0.00000000099999999993 0.08065224801890380490 0.00569849003787879001 0.01121135430815146418 0.00000000099999999993 0.00607620492202945797 0.00000000099999999993 
0.00000000099999999994 0.00312490871839456999 0.86567510964593308298 0.00000000099999999994 0.08895319931384315648 0.01108415904475081384 0.00855604559826802016 0.00000000099999999994 0.02259785708385275357 0.00000871759495769968 
0.00000000099999999994 0.00000035178744892504 0.88023311557595507182 0.00000000099999999994 0.08788758623895222277 0.00733125008970738311 0.01263395564514293613 0.00000000099999999994 0.01085656533959091993 0.00105717232320238488 
0.00000000099999999994 0.01985508576293657651 0.87423835397888105536 0.00000000099999999994 0.08898395942169699813 0.00001725146872734863 0.01278525466233927134 0.00000000099999999994 0.00412009070541878575 0.00000000099999999994 
0.00000000099999999993 0.00625356804515927317 0.88438983136668092300 0.00000000099999999993 0.08281522893830634002 0.00963518282066359172 0.01519653782562786250 0.00000000099999999993 0.00170964700356208933 0.00000000099999999993 
0.00000000099999999995 0.01770763291581583729 0.86888741183472573137 0.00000000099999999995 0.08996113136971428670 0.01011847499667164856 0.00229443167326416099 0.00000000099999999995 0.01103045939220284252 0.00000045481760561515 
0.00000000099999999994 0.01138970204321548135 0.89801596361902746857 0.00000000099999999994 0.08190989673803043825 0.00093761229108507780 0.00000633997235012183 0.00000000099999999994 0.00774048133629146907 0.00000000099999999994 
0.00000000099999999994 0.00444514004722218296 0.86916273528356002842 0.00000000099999999994 0.08885164343893318939 0.01479901074382300626 0.01307459265043854971 0.00000000099999999994 0.00942674519138629249 0.00024012964463677406 
0.00000000099999999992 0.00310919919540811503 0.88198869340037666653 0.00000000099999999992 0.09076178741858260957 0.01034381656727714066 0.01155421940681419964 0.00000000099999999992 0.00224228001154125204 0.00000000099999999992 
0.00000000099999999989 0.00000000099999999989 0.99999921095149502115 0.00000000099999999989 0.00000000099999999989 0.00000000099999999989 0.00000000099999999989 0.00000000099999999989 0.00000000099999999989 0.00000078104850507053 
0.00000000099999999991 0.00000000099999999991 0.99253678734051742349 0.00000000099999999991 0.00000000099999999991 0.00000000099999999991 0.00000000714720016032 0.00000000099999999991 0.00067348885361104911 0.00678971065867140303 
0.00000000099999999989 0.00000000099999999989 0.99763679871787347420 0.00000000099999999989 0.00000000099999999989 0.00000000099999999989 0.00000003751327859568 0.00000000099999999989 0.00000000099999999989 0.00236315676884801037 
0.00000000099999999992 0.00000000099999999992 0.98396965424403515232 0.00000000099999999992 0.00000000099999999992 0.00000000099999999992 0.00000001819900874965 0.00000000099999999992 0.00000000099999999992 0.01603032055695625957 
0.00000000099999999991 0.00000000099999999991 0.99999999100000014352 0.00000000099999999991 0.00000000099999999991 0.00000000099999999991 0.00000000099999999991 0.00000000099999999991 0.00000000099999999991 0.00000000099999999991 
0.00000000099999999990 0.00000000099999999990 0.99079531173615686956 0.00000000099999999990 0.00000000099999999990 0.00000000099999999990 0.00000000099999999990 0.00000000099999999990 0.00000000099999999990 0.00920468026384330291 
0.00000000099999999989 0.00000000099999999989 0.99033680609563345953 0.00000000099999999989 0.00000000099999999989 0.00000000099999999989 0.00000000099999999989 0.00000000099999999989 0.00000000099999999989 0.00966318590436670427 
0.00000000099999999987 0.00000000099999999987 0.99999999100000003249 0.00000000099999999987 0.00000000099999999987 0.00000000099999999987 0.00000000099999999987 0.00000000099999999987 0.00000000099999999987 0.00000000099999999987 
0.00000000099999999990 0.00000000099999999990 0.98931264877275659764 0.00000000099999999990 0.00000000099999999990 0.00000005910520431561 0.00000003871510925045 0.00000000099999999990 0.00000000099999999990 0.01068724740693002308 
0.00000000099999999988 0.00000000099999999988 0.99911213836029921787 0.00000000099999999988 0.00000000099999999988 0.00000000099999999988 0.00000000099999999988 0.00000000099999999988 0.00000000099999999988 0.00088785363970089542 
0.00000000099999999994 0.03265431040210848429 0.86248147218382542611 0.00000000099999999994 0.01734632396541747543 0.00428207765085932175 0.00498147130629519354 0.00000000099999999994 0.00896078018827787225 0.06929356130321633056 
0.00000000099999999993 0.01169880945838082213 0.87655425129756636693 0.00000000099999999993 0.03083705923577613126 0.00000004151962504535 0.00234015017519231252 0.00000000099999999993 0.00007688911012079863 0.07849279620333857177 
0.00000000099999999995 0.03370783432056888296 0.86525794091575392031 0.00000000099999999995 0.00145964615229888140 0.00000000099999999995 0.00559096398849736557 0.00000000099999999995 0.00847275331000836400 0.08551085731287264013 
0.00000000099999999993 0.01152837896546639318 0.85316615994148170543 0.00000000099999999993 0.03690212689609435187 0.00000354545921948568 0.00977168102122497224 0.00000000099999999993 0.00000000099999999993 0.08862810371651330676 
0.00000000099999999994 0.03094999099610724544 0.86843560468525149432 0.00000000099999999994 0.00317849554576790129 0.00001694876993912381 0.01769170113642374101 0.00000000099999999994 0.00001061677370483368 0.07971663909280583826 
0.00000000099999999997 0.01606656576449689428 0.87719749951721448511 0.00000000099999999997 0.00000048794341318402 0.00000000099999999997 0.01471662246088583162 0.00000000099999999997 0.00000000099999999997 0.09201881931398957215 
0.00000000099999999994 0.01099135211970873362 0.87136887857634792720 0.00000000099999999994 0.00001740652966859409 0.00000000099999999994 0.02116930785096111933 0.00000000099999999994 0.00549522389260577709 0.09095782703070792730 
0.00000000099999999994 0.03497427337086309040 0.86744075301936407474 0.00000000099999999994 0.02387518106924005692 0.00071496200537129128 0.01628055856828950973 0.00000000099999999994 0.00812600873040044032 0.04858826023647144082 
0.00000000099999999995 0.04216557616553338883 0.82771048517555412261 0.00000000099999999995 0.01270962027379438433 0.00000406096875245492 0.02636887568855986880 0.00000000099999999995 0.00006608825446822571 0.09097529047333755003 
0.00000000099999999993 0.01164293692777367516 0.84502092320158672667 0.00000000099999999993 0.02515408015025976524 0.00486936905011329212 0.03879251495691522778 0.00000000099999999993 0.00000000099999999993 0.07452017171335144352 
0.00000000099999999993 0.00505658496446859292 0.86691256929080440230 0.00000000099999999993 0.01570608451652347887 0.00149768167768654648 0.03449403478250039068 0.00000000099999999993 0.00000030268724517393 0.07633273908077159442 
0.00000000099999999994 0.03838760509369439078 0.85685278044430746025 0.00000000099999999994 0.01437246662268006243 0.01157503977878657046 0.02021285706910053506 0.00000000099999999994 0.00366556082097050599 0.05493368717046066135 
0.00000000099999999994 0.04518096089934572207 0.81723203819024325956 0.00000000099999999994 0.03388785161132801260 0.00316376135904862911 0.02543737508370653988 0.00000000099999999994 0.00530955054556179248 0.06978845931076606279 
0.00000000099999999994 0.02732298164053002798 0.82725506959339389912 0.00000000099999999994 0.03818691213205697987 0.00000006560128630459 0.01642383930052234223 0.00000000099999999994 0.00002026339616570445 0.09079086533604503739 
