0.99997130990303806364 0.00000000099999999998 0.00002868909696205024 
0.99999999800000005656 0.00000000099999999997 0.00000000099999999997 
0.99999999799999994554 0.00000000099999999998 0.00000000099999999998 
0.99798813104887695857 0.00000000100000000000 0.00201186795112315644 
0.99999999800000005656 0.00000000099999999997 0.00000000099999999997 
0.99999999799999994554 0.00000000099999999999 0.00000000099999999999 
0.98996941796450343976 0.00000000100000000000 0.01003058103549651046 
0.99484712523451945820 0.00000000099999999999 0.00515287376548049202 
0.98004806079560080612 0.00000000099999999999 0.01995193820439913890 
0.97486384384218716104 0.00000000099999999999 0.02513615515781286378 
0.98147188893327541592 0.00000000099999999999 0.01852811006672465746 
0.98498751895397551603 0.00000000099999999999 0.01501248004602447235 
0.99357998137593739330 0.00000000099999999999 0.00642001762406258641 
0.98609357985291445914 0.00000000099999999999 0.01390641914708541996 
0.98180557824971792513 0.00000000099999999999 0.01819442075028199907 
0.99084729032191676268 0.00000000099999999999 0.00915270867808321356 
0.98833213475649606128 0.00000000099999999999 0.01166786424350400170 
0.98024594453651570092 0.00000000099999999999 0.01975405446348437594 
0.98842465739551088610 0.00000000099999999999 0.01157534160448916820 
0.97903232114601312919 0.00000000099999999999 0.02096767785398683664 
0.97503298738941246437 0.00000000099999999999 0.02496701161058755697 
0.98771511608112572134 0.00000000099999999999 0.01228488291887432082 
0.98661985962774712000 0.00000000100000000000 0.01338013937225286665 
0.98001835694557570822 0.00000000099999999999 0.01998164205442421251 
0.98375456360443802595 0.00000000099999999999 0.01624543539556210295 
0.98771651748459055042 0.00000000099999999999 0.01228348151540942061 
0.98801184392198526663 0.00000000099999999999 0.01198815507801490217 
0.97602425101207179736 0.00000000099999999999 0.02397574798792825868 
0.97979205107490430215 0.00000000099999999998 0.02020794792509570184 
0.97166179995688339854 0.00000000099999999999 0.02833819904311656729 
0.98377552506109677832 0.00000000099999999998 0.01622447393890339915 
0.98394263005583781911 0.00000000099999999999 0.01605736894416230631 
0.97494994696722470096 0.00000000099999999998 0.02505005203277535855 
0.97659578001039382134 0.00000000099999999999 0.02340421898960618960 
0.98322830489121604280 0.00000000099999999999 0.01677169410878390568 
0.98336451645001210498 0.00000000099999999999 0.01663548254998781922 
0.97981092031339700466 0.00000000099999999998 0.02018907868660294730 
0.98368446113074092807 0.00000000100000000000 0.01631553786925904817 
0.98358171612293843200 0.00000000099999999999 0.01641828287706165526 
0.98029546341788076358 0.00000000099999999999 0.01970453558211920919 
0.98723877099541490487 0.00000000099999999999 0.01276122800458520147 
0.97703345348647108182 0.00000000099999999999 0.02296654551352879034 
0.98111229451016679359 0.00000000099999999999 0.01888770448983326938 
0.98668498501424595215 0.00000000099999999999 0.01331501398575403797 
0.97615614227026048511 0.00000000099999999998 0.02384385672973953624 
0.97013311682939273872 0.00000000099999999999 0.02986688217060727915 
0.97334460432743985514 0.00000000099999999998 0.02665539467256005518 
0.00638610566723696749 0.99361389333276306512 0.00000000099999999999 
0.00000000099999999997 0.99999999800000005656 0.00000000099999999997 
0.00000000099999999994 0.99999999799999994554 0.00000000099999999994 
0.06287384700095123569 0.93712615199904858443 0.00000000100000000000 
0.00000000099999999998 0.99999999799999994554 0.00000000099999999998 
0.00000000099999999998 0.99999999799999994554 0.00000000099999999998 
0.01926927153455026617 0.98073072746544964762 0.00000000099999999999 
0.22822565594827204372 0.77177434305172787354 0.00000000100000000000 
0.00781336432998245428 0.99218663467001755318 0.00000000099999999999 
0.03070551190912046077 0.96929448709087961955 0.00000000099999999999 
0.01445273305842232313 0.98554726594157771036 0.00000000099999999999 
0.05811897612753081505 0.93883631117264110255 0.00304471269982817521 
0.00000000099999999998 0.99999999800000005656 0.00000000099999999998 
0.00000000099999999995 0.99999999800000005656 0.00000000099999999995 
0.00000000099999999995 0.99999999800000005656 0.00000000099999999995 
0.00000000099999999998 0.99999999799999994554 0.00000000099999999998 
0.00000000099999999996 0.99999999800000005656 0.00000000099999999996 
0.00000000099999999996 0.99999999800000005656 0.00000000099999999996 
0.00000000099999999995 0.99999999799999994554 0.00000000099999999995 
0.00000000099999999994 0.99999999799999994554 0.00000000099999999994 
0.00000000099999999994 0.99999999800000005656 0.00000000099999999994 
0.00000000099999999995 0.99999999799999994554 0.00000000099999999995 
0.00000000099999999994 0.99999999800000005656 0.00000000099999999994 
0.00000000099999999995 0.99999999800000005656 0.00000000099999999995 
0.00000000099999999996 0.99999999800000005656 0.00000000099999999996 
0.00000000099999999995 0.99999999799999994554 0.00000000099999999995 
0.00000000099999999995 0.99999999799999994554 0.00000000099999999995 
0.00000000099999999994 0.99999999800000005656 0.00000000099999999994 
0.00000000099999999994 0.99999999799999994554 0.00000000099999999994 
0.00000000099999999995 0.99999999799999994554 0.00000000099999999995 
0.00000000099999999995 0.99999999799999994554 0.00000000099999999995 
0.00000000099999999999 0.99999999799999994554 0.00000000099999999999 
0.00000000099999999997 0.99999999800000005656 0.00000000099999999997 
0.00000000099999999996 0.99999999799999994554 0.00000000099999999996 
0.00000000099999999994 0.99999999800000005656 0.00000000099999999994 
0.00000000099999999994 0.99999999800000005656 0.00000000099999999994 
0.00000000099999999995 0.99999999799999994554 0.00000000099999999995 
0.00000000099999999997 0.99999999800000005656 0.00000000099999999997 
0.00000000099999999994 0.99999999799999994554 0.00000000099999999994 
0.00000000099999999994 0.99999999799999994554 0.00000000099999999994 
0.00000000099999999995 0.99999999800000005656 0.00000000099999999995 
0.00000000099999999994 0.99999999800000005656 0.00000000099999999994 
0.00000000099999999997 0.99999999799999994554 0.00000000099999999997 
0.00000000099999999995 0.99999999800000005656 0.00000000099999999995 
0.00000000099999999994 0.99999999800000005656 0.00000000099999999994 
0.00000000099999999993 0.99999999800000005656 0.00000000099999999993 
0.00000000099999999995 0.99999999799999994554 0.00000000099999999995 
0.00000000099999999994 0.99999999800000005656 0.00000000099999999994 
0.00000000099999999995 0.99999999800000005656 0.00000000099999999995 
0.00000000099999999995 0.99999999800000005656 0.00000000099999999995 
0.00000000099999999994 0.99999999800000005656 0.00000000099999999994 
0.00000000099999999993 0.99999999799999994554 0.00000000099999999993 
0.00000000099999999996 0.99999999800000005656 0.00000000099999999996 
0.00000000099999999999 0.99999999799999994554 0.00000000099999999999 
0.00000000099999999996 0.99999999800000005656 0.00000000099999999996 
0.00000000099999999994 0.99999999799999994554 0.00000000099999999994 
0.00000000099999999994 0.99999999799999994554 0.00000000099999999994 
0.00000000099999999995 0.99999999800000005656 0.00000000099999999995 
0.00000000099999999996 0.99999999800000005656 0.00000000099999999996 
0.00000000099999999995 0.99999999799999994554 0.00000000099999999995 
0.00000000099999999994 0.99999999800000005656 0.00000000099999999994 
0.00000000099999999997 0.99999999800000005656 0.00000000099999999997 
0.00000000099999999995 0.99999999800000005656 0.00000000099999999995 
0.00000000099999999994 0.99999999799999994554 0.00000000099999999994 
0.00000000099999999994 0.99999999800000005656 0.00000000099999999994 
0.00000000099999999998 0.99999999800000005656 0.00000000099999999998 
0.00000000099999999995 0.99999999799999994554 0.00000000099999999995 
0.00000000099999999994 0.99999999799999994554 0.00000000099999999994 
0.00000000099999999994 0.99999999800000005656 0.00000000099999999994 
0.00000000099999999995 0.99999999799999994554 0.00000000099999999995 
0.00000000099999999995 0.99999999800000005656 0.00000000099999999995 
0.00000000099999999994 0.99999999799999994554 0.00000000099999999994 
0.95648443891195922273 0.00000000099999999998 0.04351556008804073616 
0.95902643483941296676 0.00000000099999999998 0.04097356416058701989 
0.96294513527616443227 0.00000000099999999998 0.03705486372383565846 
0.96692004149866039864 0.00000000099999999999 0.03307995750133951862 
0.95925525466386118989 0.00000000099999999998 0.04074474433613869961 
0.96154067691528655182 0.00000000099999999999 0.03845932208471351116 
0.96225752867525771173 0.00000000099999999999 0.03774247032474229574 
0.96911733737441074776 0.00000000099999999999 0.03088266162558933256 
0.97157229036285530643 0.00000000099999999999 0.02842770863714467675 
0.96464635746446314446 0.00000000099999999999 0.03535364153553683525 
0.96579877545603864952 0.00000000099999999999 0.03420122354396130243 
0.96625520499265371566 0.00000000099999999999 0.03374479400734630569 
0.98101984776685746681 0.00000000099999999998 0.01898015123314250943 
0.97542529826267998505 0.00000000099999999998 0.02457470073732015425 
0.95692798049185545661 0.00000000099999999998 0.04307201850814459942 
0.96819364100003568741 0.00000000099999999998 0.03180635799996431312 
0.96972158207507452854 0.00000000099999999998 0.03027841692492555872 
0.96330960188883441031 0.00000000099999999998 0.03669039711116570818 
0.96047986981924204919 0.00000000099999999998 0.03952012918075805542 
0.97277878460639766178 0.00000000099999999999 0.02722121439360231099 
0.96365889823368044986 0.00000000099999999998 0.03634110076631955066 
0.96354935078971537532 0.00000000099999999998 0.03645064821028460439 
0.94774393841525261806 0.00000000099999999999 0.05225606058474735471 
0.95985710842614457849 0.00000000099999999999 0.04014289057385547060 
0.96418946589368026423 0.00000000099999999998 0.03581053310631978487 
0.96676774418197264360 0.00000000099999999998 0.03323225481802741937 
0.95900845046768234958 0.00000000099999999999 0.04099154853231769952 
0.95919757250063797382 0.00000000099999999999 0.04080242649936203364 
0.96198767040385524396 0.00000000099999999999 0.03801232859614480514 
0.96985824544729715146 0.00000000099999999998 0.03014175355270294968 
0.97774535869226231188 0.00000000099999999998 0.02225464030773764354 
0.96501795251923860874 0.00000000099999999998 0.03498204648076128770 
0.97064780424379448753 0.00000000099999999998 0.02935219475620562055 
0.96864411662978555650 0.00000000099999999998 0.03135588237021454810 
0.96536024003507425739 0.00000000099999999998 0.03463975896492565293 
0.97367480065023559455 0.00000000099999999998 0.02632519834976444414 
0.97256294391219577644 0.00000000099999999998 0.02743705508780437674 
0.96676971005234879630 0.00000000099999999997 0.03323028894765125280 
0.97479400471815558227 0.00000000099999999998 0.02520599428184458479 
0.97289830488443840295 0.00000000099999999998 0.02710169411556149002 
0.96572318365795173367 0.00000000099999999999 0.03427681534204839869 
0.97447412647153675014 0.00000000099999999998 0.02552587252846323304 
0.96418304217925143718 0.00000000099999999999 0.03581695682074863968 
0.97819435514160679723 0.00000000099999999998 0.02180564385839322064 
0.97547437032327677375 0.00000000099999999999 0.02452562867672323024 
0.98015073882722469900 0.00337985224679430681 0.01646940892598106401 
0.97460191033198717570 0.00000000099999999999 0.02539808866801290463 
0.96568434417757087473 0.00000000099999999998 0.03431565482242905640 
0.97709171663502170091 0.00000000099999999999 0.02290828236497833778 
0.97951697386568348236 0.00000000099999999998 0.02048302513431644531 
0.97727447256042798696 0.00000000099999999998 0.02272552643957197541 
0.96738887217966096355 0.00000000099999999998 0.03261112682033904392 
0.97195750147564807797 0.00000000099999999998 0.02804249752435207174 
0.97559296198249645382 0.00000000099999999999 0.02440703701750368895 
0.97761305428841382970 0.00000000099999999998 0.02238694471158623328 
0.97508917486680612985 0.00000000099999999999 0.02491082413319382211 
0.97114063697264407793 0.00000000099999999998 0.02885936202735597464 
0.97383683299470880090 0.00000000099999999998 0.02616316600529123432 
0.97905336905502693412 0.00000000099999999999 0.02094662994497310110 
0.97397590223372054741 0.00000000099999999998 0.02602409676627946353 
0.96274484768999291084 0.00000000099999999998 0.03725515131000717989 
0.96809661874226005107 0.00000000099999999998 0.03190338025773999803 
0.96596969258891807186 0.00000000099999999998 0.03403030641108204662 
0.97040524821435714120 0.00000000099999999998 0.02959475078564281075 
0.97403701000908038399 0.00000000099999999998 0.02596298899091966164 
0.96457511849967603190 0.00000000099999999998 0.03542488050032392699 
0.97066944372334074131 0.00000000099999999998 0.02933055527665928697 
0.96986644899569829370 0.00000000099999999998 0.03013355000430176581 
0.96619562006119463771 0.00000000099999999998 0.03380437893880543221 
0.96670247314765533897 0.00000000099999999998 0.03329752585234459911 
0.96874319245149753677 0.00000000099999999998 0.03125680654850254009 
0.96183235965156166358 0.00000000099999999998 0.03816763934843842715 
0.96593713456613816692 0.00000000099999999998 0.03406286443386198626 
0.97167389077545374132 0.00000000099999999998 0.02832610822454634594 
0.96741753826232523839 0.00000000099999999998 0.03258246073767484541 
0.96992670804001346330 0.00000000099999999998 0.03007329095998666907 
0.97459151961625278826 0.00000000099999999998 0.02540847938374713594 
0.98143608103637702822 0.00000000099999999998 0.01856391796362304517 
0.97180559798019339190 0.00000000099999999998 0.02819440101980656352 
0.98057422146372386074 0.00000000099999999999 0.01942577753627624734 
0.97263963313487566964 0.00000000099999999998 0.02736036586512440721 
0.97503359886576845827 0.00000000099999999998 0.02496640013423150756 
0.98370034701811204236 0.00000000099999999998 0.01629965198188807959 
0.98259088035624042590 0.00000000099999999998 0.01740911864375956769 
0.98455899312402184176 0.00000000099999999998 0.01544100587597828020 
0.98503978035201744667 0.00000000099999999998 0.01496021864798252610 
0.97741302837862864550 0.00000000099999999998 0.02258697062137140360 
0.97876123906539513886 0.00000000099999999998 0.02123875993460481656 
0.98015993845785420735 0.00000000099999999998 0.01984006054214579318 
0.97336574203860004584 0.00000000099999999998 0.02663425696139994081 
0.96140078579815313464 0.01356955248535620349 0.02502966171649072952 
0.97701854064154647350 0.00000000099999999998 0.02298145835845357907 
0.97343763310549513701 0.00000000099999999998 0.02656236589450498148 
0.97539516669893866485 0.00000000099999999998 0.02460483230106150221 
0.98196768396368538934 0.00000000099999999998 0.01803231503631474997 
0.98550561080963239302 0.00000000099999999999 0.01449438819036764567 
0.97694067632450032335 0.00000000099999999998 0.02305932267549973269 
0.97930455851061581907 0.00000000099999999998 0.02069544048938417452 
0.99999999799999994554 0.00000000099999999997 0.00000000099999999997 
0.99999999800000005656 0.00000000099999999997 0.00000000099999999997 
0.99999999799999994554 0.00000000099999999997 0.00000000099999999997 
0.99999999800000005656 0.00000000099999999997 0.00000000099999999997 
0.99999999799999994554 0.00000000099999999997 0.00000000099999999997 
0.99999999799999994554 0.00000000099999999997 0.00000000099999999997 
0.99999999799999994554 0.00000000099999999997 0.00000000099999999997 
0.99999999800000005656 0.00000000099999999997 0.00000000099999999997 
0.99999999800000005656 0.00000000099999999997 0.00000000099999999997 
0.99999999799999994554 0.00000000099999999997 0.00000000099999999997 
0.99896768177325145910 0.00000000099999999998 0.00103231722674853752 
0.99999962222808480572 0.00000000099999999997 0.00000037677191523652 
0.99999999799999994554 0.00000000099999999997 0.00000000099999999997 
0.99999999799999994554 0.00000000099999999996 0.00000000099999999996 
0.99999999800000005656 0.00000000099999999996 0.00000000099999999996 
0.99999999800000005656 0.00000000099999999997 0.00000000099999999997 
0.99999999799999994554 0.00000000099999999997 0.00000000099999999997 
0.99999963533120450609 0.00000000099999999997 0.00000036366879541821 
0.99107589493686931714 0.00000000099999999998 0.00892410406313064002 
0.99999999800000005656 0.00000000099999999996 0.00000000099999999996 
0.97909546499263278019 0.00000000099999999999 0.02090453400736722728 
0.96901465996431412897 0.00000000099999999998 0.03098533903568598258 
0.97246323766622144724 0.00000000099999999999 0.02753676133377866778 
0.97423009783946412643 0.00000000099999999999 0.02576990116053581165 
0.97961139321663404100 0.00000000099999999999 0.02038860578336595258 
0.96698277335735205451 0.00000000099999999999 0.03301722564264789744 
0.97214859707308065584 0.00000000099999999999 0.02785140192691944183 
0.97200007146151479187 0.00000000100000000000 0.02799992753848523294 
0.97825316490097002919 0.00000000099999999999 0.02174683409903003378 
0.97384222864382152807 0.00000000099999999999 0.02615777035617838225 
0.00000000099999999990 0.00000000099999999990 0.99999999800000005656 
0.00000000099999999989 0.00000000099999999989 0.99999999800000005656 
0.00000000099999999990 0.00000000099999999990 0.99999999800000005656 
0.00000000099999999989 0.00000000099999999989 0.99999999799999994554 
0.00000000099999999988 0.00000000099999999988 0.99999999800000005656 
0.00000000099999999987 0.00000000099999999987 0.99999999800000005656 
0.00000000099999999989 0.00000000099999999989 0.99999999799999994554 
0.00000000099999999991 0.00000000099999999991 0.99999999799999994554 
0.00000000099999999988 0.00000000099999999988 0.99999999799999994554 
0.00000000099999999990 0.00000000099999999990 0.99999999799999994554 
0.00000000099999999988 0.00000000099999999988 0.99999999799999994554 
0.00000000099999999987 0.00000000099999999987 0.99999999799999994554 
0.00000000099999999989 0.00000000099999999989 0.99999999799999994554 
0.00000000099999999989 0.00000000099999999989 0.99999999800000005656 
0.00000000099999999989 0.00000000099999999989 0.99999999800000005656 
0.00000000099999999987 0.00000000099999999987 0.99999999799999994554 
0.00000000099999999990 0.00000000099999999990 0.99999999800000005656 
0.00000000099999999991 0.00000000099999999991 0.99999999799999994554 
0.00000000099999999990 0.00000000099999999990 0.99999999800000005656 
0.00000000099999999988 0.00000000099999999988 0.99999999800000005656 
0.00000000099999999988 0.99999999800000005656 0.00000000099999999988 
0.00000000099999999988 0.99999999799999994554 0.00000000099999999988 
0.00000000099999999988 0.99999999799999994554 0.00000000099999999988 
0.00000000099999999988 0.99999999799999994554 0.00000000099999999988 
0.00000000099999999987 0.99999999800000005656 0.00000000099999999987 
0.00000000099999999988 0.99999999800000005656 0.00000000099999999988 
0.00000000099999999989 0.99999999800000005656 0.00000000099999999989 
0.00000000099999999990 0.99999999800000005656 0.00000000099999999990 
0.00000000099999999987 0.99999999799999994554 0.00000000099999999987 
0.00000000099999999988 0.99999999799999994554 0.00000000099999999988 
0.00000000099999999988 0.99999999800000005656 0.00000000099999999988 
0.00000000099999999988 0.99999999799999994554 0.00000000099999999988 
0.00000000099999999988 0.99999999799999994554 0.00000000099999999988 
0.00000000099999999988 0.99999999799999994554 0.00000000099999999988 
0.00000000099999999992 0.99999999799999994554 0.00000000099999999992 
0.00000000099999999989 0.99999999799999994554 0.00000000099999999989 
0.00000000099999999989 0.99999999799999994554 0.00000000099999999989 
0.00000000099999999989 0.99999999800000005656 0.00000000099999999989 
0.00000000099999999988 0.99999999799999994554 0.00000000099999999988 
0.00000000099999999988 0.99999999799999994554 0.00000000099999999988 
0.00000000099999999990 0.99999999800000005656 0.00000000099999999990 
0.00000000099999999989 0.99999999799999994554 0.00000000099999999989 
0.00000000099999999989 0.99999999800000005656 0.00000000099999999989 
0.00000000099999999992 0.99999999800000005656 0.00000000099999999992 
0.00000000099999999990 0.99999999800000005656 0.00000000099999999990 
0.00000000099999999990 0.99999999799999994554 0.00000000099999999990 
0.00000000099999999995 0.99999999800000005656 0.00000000099999999995 
0.00000000099999999988 0.99999999800000005656 0.00000000099999999988 
0.00000000099999999995 0.99999999799999994554 0.00000000099999999995 
0.00000000099999999989 0.99999999799999994554 0.00000000099999999989 
0.00000000099999999990 0.99999999800000005656 0.00000000099999999990 
0.00000000099999999988 0.99999999800000005656 0.00000000099999999988 
0.00000000099999999991 0.99999999800000005656 0.00000000099999999991 
0.00000000099999999991 0.99999999800000005656 0.00000000099999999991 
0.00000000099999999994 0.99999999799999994554 0.00000000099999999994 
0.00000000099999999994 0.99999999800000005656 0.00000000099999999994 
0.00000000099999999990 0.99999999800000005656 0.00000000099999999990 
0.00000000099999999989 0.99999999799999994554 0.00000000099999999989 
0.00000000099999999992 0.99999999800000005656 0.00000000099999999992 
0.00000000099999999989 0.99999999799999994554 0.00000000099999999989 
0.00000000099999999989 0.99999999799999994554 0.00000000099999999989 
0.00000000099999999990 0.99999999799999994554 0.00000000099999999990 
0.00000000099999999991 0.99999999799999994554 0.00000000099999999991 
0.00000000099999999989 0.99999999800000005656 0.00000000099999999989 
0.00000000099999999990 0.99999999800000005656 0.00000000099999999990 
0.00000000099999999989 0.99999999799999994554 0.00000000099999999989 
0.00000000099999999991 0.99999999799999994554 0.00000000099999999991 
0.00000000099999999989 0.99999999800000005656 0.00000000099999999989 
0.00000000099999999990 0.99999999799999994554 0.00000000099999999990 
0.00000000099999999991 0.99999999800000005656 0.00000000099999999991 
0.00000000099999999991 0.99999999799999994554 0.00000000099999999991 
0.00000000099999999993 0.99999999800000005656 0.00000000099999999993 
0.00000000099999999990 0.99999999800000005656 0.00000000099999999990 
0.00000000099999999992 0.99999999800000005656 0.00000000099999999992 
0.00000000099999999991 0.99999999799999994554 0.00000000099999999991 
0.00000000099999999992 0.99999999799999994554 0.00000000099999999992 
0.00000000099999999991 0.99999999800000005656 0.00000000099999999991 
0.00000000099999999989 0.99999999799999994554 0.00000000099999999989 
0.00000000099999999997 0.99999999799999994554 0.00000000099999999997 
0.00000000099999999997 0.99999999800000005656 0.00000000099999999997 
0.99851678806863453097 0.00000000099999999997 0.00148321093136558383 
0.99772401912305952454 0.00000000099999999998 0.00227597987694055622 
0.98526471943605731241 0.00000000099999999998 0.01473527956394282169 
0.98587295805176533570 0.00000000099999999998 0.01412704094823470993 
0.99601588212545622003 0.00000000099999999997 0.00398411687454381085 
0.99345626404273701393 0.00000000099999999997 0.00654373495726305338 
0.99164788464294617576 0.00000000099999999997 0.00835211435705369813 
0.99496143703151951332 0.00000000099999999997 0.00503856196848047506 
0.98850762557300653199 0.00000000099999999997 0.01149237342699349282 
0.99160586842404707664 0.00000000099999999997 0.00839413057595300369 
0.99872444530762038983 0.00000000099999999998 0.00127555369237960440 
0.98741771643589637542 0.00000000099999999998 0.01258228256410361297 
0.98974745977500422356 0.00000000099999999998 0.01025253922499589146 
0.99338997392180783397 0.00000000099999999998 0.00661002507819233916 
0.98241296450749682201 0.00000000099999999997 0.01758703449250321321 
0.98732184807382528113 0.00000000099999999998 0.01267815092617459449 
0.98987034858684019856 0.00000000099999999997 0.01012965041315980544 
0.99432458899487596860 0.00000000099999999997 0.00567541000512404754 
0.98339989169005292968 0.00000000099999999998 0.01660010730994717146 
0.99903591382040535240 0.00000000099999999998 0.00096408517959469117 
0.99081516690680659920 0.00000000099999999998 0.00918483209319356092 
0.98736725670506042540 0.00000000099999999999 0.01263274229493971564 
0.98782118986525424553 0.00000000099999999998 0.01217880913474581397 
0.97221558698480847749 0.00000000099999999998 0.02778441201519165488 
0.98959642970249750427 0.00000000099999999997 0.01040356929750253095 
0.99624613591747968044 0.00000000099999999998 0.00375386308252026804 
0.98850437455887885108 0.00000000099999999997 0.01149562444112117374 
0.99048885867231750701 0.00000000099999999997 0.00951114032768261321 
0.98999036550357266684 0.00000000099999999998 0.01000963349642748461 
0.99428910614857135553 0.00000000099999999998 0.00571089285142859816 
0.98737662471969867006 0.00000000099999999997 0.01262337428030128363 
0.99999998120963651260 0.00000000099999999999 0.00000001779036351063 
0.98108678344532851412 0.00000000099999999998 0.01891321555467162518 
0.98527439246091730318 0.00000000099999999998 0.01472560653908270949 
0.98978579343920103373 0.00000000099999999998 0.01021420556079891302 
0.99346216200890236081 0.00000000099999999998 0.00653783699109760849 
0.98696795810678261685 0.00000000099999999998 0.01303204089321751032 
0.98589299599691426756 0.00000000099999999997 0.01410700300308576419 
0.98447838854948266363 0.00000000099999999998 0.01552161045051742537 
0.98619977677770842561 0.00000000099999999998 0.01380022222229157838 
0.97851581294690404000 0.00000000099999999998 0.02148418605309606461 
0.96495720859845135475 0.00000000100000000000 0.03504279040154871516 
0.97352074979428715462 0.00000000099999999998 0.02647924920571281815 
0.97245617073519974305 0.00000000099999999998 0.02754382826480034421 
0.98066388801419812626 0.00000000099999999998 0.01933611098580180834 
0.98659357291227278708 0.00000000099999999998 0.01340642608772719437 
0.96631977680738345704 0.00000000099999999997 0.03368022219261658512 
0.97464911911987373028 0.00000000099999999998 0.02535087988012625984 
0.96960629089988781271 0.00000000099999999998 0.03039370810011225027 
0.98070571390038208115 0.00000000099999999998 0.01929428509961803387 
0.97548004684679245901 0.00000000099999999998 0.02451995215320764560 
0.97710137561412879759 0.00000000099999999998 0.02289862338587138335 
0.96969291540876623170 0.00000000099999999998 0.03030708359123389373 
0.97237903961203397962 0.00000000099999999998 0.02762095938796609029 
0.97405982874747809586 0.00000000099999999998 0.02594017025252194283 
0.96772370473093927146 0.00000000099999999999 0.03227629426906066662 
0.97289713261119026289 0.00000000099999999999 0.02710286638880977581 
0.96737905148785363618 0.00000000099999999998 0.03262094751214637822 
0.97264475323323651423 0.00000000099999999998 0.02735524576676351752 
0.96819960081640543681 0.00000000099999999998 0.03180039818359459841 
0.97609733978835033774 0.00000000099999999998 0.02390265921164965238 
0.95660744823835652806 0.00000000099999999999 0.04339255076164359043 
0.96359878328377168710 0.00000000099999999999 0.03640121571622834812 
0.96587850235368044594 0.00000000099999999999 0.03412149664631956847 
0.96412343520594856461 0.00000000099999999999 0.03587656379405158857 
0.96168743869597228535 0.00000000099999999998 0.03831256030402763191 
0.96121958161694442957 0.00000000099999999999 0.03878041738305568892 
0.96714918851927944576 0.00000000099999999999 0.03285081048072066578 
0.95987049056036055639 0.00000000099999999999 0.04012950843963956904 
0.97567284318708280555 0.00000000099999999999 0.02432715581291735804 
0.96584079425565405597 0.00000000099999999999 0.03415920474434606946 
0.96355100870505838717 0.00000000099999999998 0.03644899029494151621 
0.96886947827566272107 0.00000000099999999998 0.03113052072433730375 
0.97096377759167318278 0.00000000099999999999 0.02903622140832681775 
0.96369657205016834300 0.00000000099999999999 0.03630342694983181712 
0.96980532621989745667 0.00000000099999999998 0.03019467278010259936 
0.96617209850859520071 0.00000000099999999998 0.03382790049140470962 
0.96434552115635008285 0.00000000099999999999 0.03565447784365002176 
0.95827444296510266852 0.00000000099999999998 0.04172555603489735976 
0.95696797444369230412 0.00000000099999999999 0.04303202455630777967 
0.96759673239910137799 0.00000000099999999998 0.03240326660089864336 
0.94914117974020095758 0.00000000099999999999 0.05085881925979909846 
0.96408443666918830495 0.00000000099999999999 0.03591556233081171640 
0.96497723771001520099 0.00000000099999999999 0.03502276128998484117 
0.96919551085684718661 0.00000000099999999999 0.03080448814315272024 
0.95824330205703767138 0.00000000099999999999 0.04175669694296233608 
0.97396633546518407432 0.00000000099999999998 0.02603366353481593662 
0.96517796103262465390 0.00000000099999999999 0.03482203796737541601 
0.96053346201401568205 0.00000000099999999999 0.03946653698598441562 
0.96843779641112492929 0.00000000099999999999 0.03156220258887494634 
0.96488061667652413878 0.00000000099999999999 0.03511938232347582706 
0.96086612769805979095 0.00000000099999999999 0.03913387130194027896 
0.95441212544368303483 0.00000000099999999999 0.04558787355631713223 
0.94126332745421714687 0.00026165416617815815 0.05847501837960469157 
0.94787106207267068925 0.00140913827252800352 0.05071979965480126473 
0.94384080667111269758 0.00247586297665879128 0.05368333035222839361 
0.95020684331808791256 0.00091350704921551885 0.04887964963269657293 
0.94500553479173299287 0.00000000100000000000 0.05499446420826707704 
0.94788442723501664666 0.00000000099999999999 0.05211557176498331223 
0.94228089234797607343 0.00317787438653564574 0.05454123326548827866 
0.94924242428303096109 0.00000000100000000000 0.05075757471696899781 
0.94147742460103023276 0.00417830270170603188 0.05434427269726366944 
0.94514533600739247809 0.00035945893512566446 0.05449520505748171179 
0.93879140768345625823 0.00476412890412865938 0.05644446341241501908 
0.92317590595610621307 0.00294226134386595724 0.07388183270002782188 
0.93969980664890062627 0.00405163754024082806 0.05624855581085858036 
0.94540295068141966262 0.00051951940296004649 0.05407752991562038425 
0.94870778466874761126 0.00000000112662267753 0.05129221420462969777 
0.93911478991538122063 0.00269532575944741960 0.05818988432517131770 
0.94247863675968868158 0.00000000100000000000 0.05752136224031135364 
0.94517862018081721942 0.00000000100000000000 0.05482137881918288519 
0.95279547757415927745 0.00000000099999999999 0.04720452142584069533 
0.94145006667698738489 0.00068227919845064865 0.05786765412456193469 
0.95342287751730359080 0.00132332587434193499 0.04525379660835458784 
0.95185388134331272436 0.00000000100000000000 0.04814611765668734555 
0.94556051106505545345 0.00361932780994328723 0.05082016112500129662 
0.93990167778505806506 0.00000000099999999999 0.06009832121494185914 
0.94788808789470979654 0.00000000100000000000 0.05211191110529017623 
0.94790727746863356895 0.00000000100000000000 0.05209272153136652178 
0.94250293637604265484 0.00427012279084362616 0.05322694083311361318 
0.93873756343833292259 0.00202726845696221116 0.05923516810470479815 
0.94143593837699146576 0.00000000099999999999 0.05856406062300871518 
0.93689351585753921636 0.00000000099999999999 0.06310648314246085355 
0.94468780530000140416 0.00000000099999999999 0.05531219369999854779 
0.93840036849347463477 0.00000000100000000000 0.06159963050652528943 
0.94318873634448918697 0.00040008366226631581 0.05641117999324450627 
0.94118312638411727455 0.00010624138570253830 0.05871063223018004734 
0.94472815918203023600 0.00000000100000000000 0.05527183981796985474 
0.94784658458501558354 0.00173998021718764473 0.05041343519779675070 
0.94519985434566744509 0.00050827085682662127 0.05429187479750600953 
0.94227479778632894369 0.00094937986522675817 0.05677582234844425618 
0.94161752988231128825 0.00000001089559705045 0.05838245922209167604 
0.93957471212985221864 0.00403861731597563150 0.05638667055417213164 
0.94667366748164050172 0.00042558729415541395 0.05290074522420405712 
0.94022612059202148593 0.00001697093596837099 0.05975690847201008127 
0.94882484859890814377 0.00000000099999999999 0.05117515040109191227 
0.94105451829919350981 0.00000000099999999999 0.05894548070080649071 
0.93350827026766169947 0.00350686218754344466 0.06298486754479483418 
0.94051386082922028287 0.00618742045158476861 0.05329871871919498322 
0.93990242285991987270 0.00236427154666098236 0.05773330559341903478 
0.94270873070512217762 0.00000000100000000000 0.05729126829487795475 
0.94584232936319556639 0.00249192498142464724 0.05166574565537972868 
0.94222230780548177353 0.00000000099999999999 0.05777769119451826862 
