0.00000000099999999994 0.86200918425347050622 0.00000000099999999994 0.13799081174652946813 0.00000000099999999994 0.00000000099999999994 
0.00000000099999999994 0.86613004370855128933 0.00000000099999999994 0.13386995229144868502 0.00000000099999999994 0.00000000099999999994 
0.00000000099999999994 0.86735450493040455733 0.00000000099999999994 0.13264549106959563907 0.00000000099999999994 0.00000000099999999994 
0.00000000099999999998 0.84936553863369501638 0.00000000099999999998 0.15063445736630512450 0.00000000099999999998 0.00000000099999999998 
0.00000000099999999991 0.86181510862911137050 0.00000000099999999991 0.13818488737088871487 0.00000000099999999991 0.00000000099999999991 
0.00000000099999999998 0.82157252279909043224 0.00000000099999999998 0.17842747320090965313 0.00000000099999999998 0.00000000099999999998 
0.00000000099999999998 0.80821759155599104396 0.00000000099999999998 0.19178240444400904141 0.00000000099999999998 0.00000000099999999998 
0.00000000099999999982 0.00000000099999999982 0.00000000099999999982 0.99999999499999991937 0.00000000099999999982 0.00000000099999999982 
0.00000000099999999985 0.00000000099999999985 0.00000000099999999985 0.99999999499999991937 0.00000000099999999985 0.00000000099999999985 
0.00000000099999999986 0.00000000099999999986 0.00000000099999999986 0.99999999500000003039 0.00000000099999999986 0.00000000099999999986 
0.00000000099999999985 0.00000000099999999985 0.00000000099999999985 0.99999999499999991937 0.00000000099999999985 0.00000000099999999985 
0.00000000099999999984 0.00000000099999999984 0.00000000099999999984 0.99999999499999991937 0.00000000099999999984 0.00000000099999999984 
0.00000000099999999985 0.00000000099999999985 0.00000000099999999985 0.99999999500000003039 0.00000000099999999985 0.00000000099999999985 
0.00000000099999999988 0.00000000099999999988 0.00000000099999999988 0.99999999499999991937 0.00000000099999999988 0.00000000099999999988 
0.00000000099999999985 0.00000000099999999985 0.00000000099999999985 0.99999999499999991937 0.00000000099999999985 0.00000000099999999985 
0.00000000099999999982 0.00000000099999999982 0.00000000099999999982 0.99999999499999991937 0.00000000099999999982 0.00000000099999999982 
0.00000000099999999987 0.00000000099999999987 0.00000000099999999987 0.99999999500000003039 0.00000000099999999987 0.00000000099999999987 
0.00000000099999999986 0.00000000099999999986 0.00000000099999999986 0.99999999499999991937 0.00000000099999999986 0.00000000099999999986 
0.00000000099999999985 0.00000000099999999985 0.00000000099999999985 0.99999999499999991937 0.00000000099999999985 0.00000000099999999985 
0.00000000099999999984 0.00000000099999999984 0.00000000099999999984 0.99999999500000003039 0.00000000099999999984 0.00000000099999999984 
0.00000000099999999986 0.00000000099999999986 0.00000000099999999986 0.99999999500000003039 0.00000000099999999986 0.00000000099999999986 
0.00000000099999999985 0.00000000099999999985 0.00000000099999999985 0.99999999500000003039 0.00000000099999999985 0.00000000099999999985 
0.00000000099999999987 0.00000000099999999987 0.00000000099999999987 0.99999999500000003039 0.00000000099999999987 0.00000000099999999987 
0.00000000099999999985 0.00000000099999999985 0.00000000099999999985 0.99999999500000003039 0.00000000099999999985 0.00000000099999999985 
0.00000000099999999982 0.00000000099999999982 0.00000000099999999982 0.99999999500000003039 0.00000000099999999982 0.00000000099999999982 
0.00000000099999999985 0.00000000099999999985 0.00000000099999999985 0.99999999500000003039 0.00000000099999999985 0.00000000099999999985 
0.00000000099999999991 0.00000000099999999991 0.00000000099999999991 0.99999999500000003039 0.00000000099999999991 0.00000000099999999991 
0.04144236061180595065 0.63601764908469660131 0.07057020158239128704 0.24089188125905197646 0.01107790646205423016 0.00000000099999999998 
0.01483276770425562101 0.63643435024268313338 0.08907911110236946262 0.25202471005571280838 0.00762905989497892571 0.00000000099999999998 
0.02801261183000315624 0.63595911144187822206 0.08219853763718104611 0.23766908544135362247 0.01616065264958398140 0.00000000099999999998 
0.03425224373837229552 0.65828515957439104334 0.05828087885506594984 0.24469975219951911605 0.00448196463265154374 0.00000000099999999998 
0.01410088480773043045 0.64122956055039359580 0.08316241664781273690 0.25975423817966264428 0.00175289881440063734 0.00000000099999999999 
0.00010723003720355198 0.65989598304567709253 0.07484250336435256667 0.25202017888368960508 0.01313410366907711777 0.00000000099999999998 
0.02568733040130096595 0.60921883139812227359 0.08083497115996440829 0.27171211355928942544 0.01254675248132296368 0.00000000099999999998 
0.01553030995100807693 0.61975954345963146785 0.09037692035603878127 0.26802216154367536349 0.00631106368964622338 0.00000000099999999999 
0.02863345323722682120 0.63473050372430273036 0.08433936121794999297 0.24744771320470226872 0.00484896761581815432 0.00000000099999999998 
0.01764927282020899504 0.64118713649740932681 0.06877208628688553926 0.26231750962759886603 0.01007399376789735838 0.00000000099999999998 
0.02887795935896675381 0.60581842181453138263 0.07851790015143252088 0.27919196408576857360 0.00759375358930081817 0.00000000099999999999 
0.00825989735614588751 0.61887030964033817870 0.11859808662948796709 0.25033952000164039209 0.00393218537238749881 0.00000000099999999999 
0.02629899425935187940 0.65909683940618335463 0.07115317552131121548 0.23635037924294702294 0.00710061057020646997 0.00000000099999999998 
0.03741411637768059933 0.59571359677145396816 0.09740298577286797543 0.26874759018208849159 0.00072170989590875990 0.00000000099999999999 
0.02088588531874064486 0.62324556582866819099 0.09911830333625992751 0.24632182788979417598 0.01042841662653718783 0.00000000099999999999 
0.03166907215933384423 0.63443976256089917865 0.08225278476088052071 0.24306873819812491178 0.00856964132076150006 0.00000000099999999999 
0.01821380422900535992 0.64850976001762761225 0.08352051290891548962 0.24527604888114085124 0.00447987296331057560 0.00000000099999999998 
0.04108823612702570266 0.60136430989604983122 0.07905362565351026216 0.26657151354109481778 0.01192231378231925834 0.00000000099999999998 
0.03795426915996216732 0.62831548086065369674 0.08283691137258659964 0.23365597574846555529 0.01723736185833197113 0.00000000099999999999 
0.01167439587323117894 0.58420275658019427123 0.09024294532397432456 0.30340887136396371693 0.01047102985863640999 0.00000000099999999998 
0.00000000099999999991 0.00000000099999999991 0.00000000099999999991 0.04113244288163264012 0.00000000099999999991 0.95886755311836735505 
0.00000000099999999989 0.00000000099999999989 0.00000000099999999989 0.03139405266486362117 0.00000000099999999989 0.96860594333513627685 
0.00000000099999999987 0.00000000099999999987 0.00000000099999999987 0.01452834912155167787 0.00000000099999999987 0.98547164687844823749 
0.00000000099999999998 0.02352324486415642915 0.00000000099999999998 0.06189164409979600739 0.00000000099999999998 0.91458510803604742279 
0.00000000099999999990 0.00000000099999999990 0.00000000099999999990 0.02626525201834575829 0.00000000099999999990 0.97373474398165416055 
0.00000000099999999990 0.00000000099999999990 0.00000000099999999990 0.03295374730574485156 0.00000000099999999990 0.96704624869425515055 
0.00000000099999999994 0.00000000099999999994 0.00000000099999999994 0.04843064195355224061 0.00000000099999999994 0.95156935404644771292 
0.02873185405963335839 0.07317497797318413266 0.00000000100000000000 0.15708493094701819759 0.00000000100000000000 0.74100823502016432975 
0.00000000099999999992 0.00000000099999999992 0.00000000099999999992 0.03887873162919733283 0.00000000099999999992 0.96112126437080258601 
0.00000000099999999996 0.00000000099999999996 0.00000000099999999996 0.05575673296262219358 0.00000000099999999996 0.94424326303737793342 
0.00000000099999999992 0.00000000099999999992 0.00000000099999999992 0.04484317103828353024 0.00000000099999999992 0.95515682496171649962 
0.00000000099999999998 0.01992620599531316414 0.00000000099999999998 0.06726117526970766536 0.00000000099999999998 0.91281261573497918249 
0.00000000099999999989 0.00000000099999999989 0.00000000099999999989 0.03054066259231304203 0.00000000099999999989 0.96945933340768697395 
0.00000000099999999987 0.00000000099999999987 0.00000000099999999987 0.02154372221088181327 0.00000000099999999987 0.97845627378911814720 
0.00000000099999999986 0.00000000099999999986 0.00000000099999999986 0.02520310950185299798 0.00000000099999999986 0.97479688649814710821 
0.00000000099999999988 0.00000000099999999988 0.00000000099999999988 0.03518033493666818112 0.00000000099999999988 0.96481966106333172384 
0.00000000099999999988 0.00000000099999999988 0.00000000099999999988 0.02318199024803816247 0.00000000099999999988 0.97681800575196187086 
0.00000000099999999989 0.00000000099999999989 0.00000000099999999989 0.02320875993277357260 0.00000000099999999989 0.97679123606722639828 
0.00000000099999999987 0.00000000099999999987 0.00000000099999999987 0.02357296878929017805 0.00000000099999999987 0.97642702721070995242 
0.00000000099999999985 0.00000000099999999985 0.00000000099999999985 0.02000186433072034808 0.00000000099999999985 0.97999813166927962627 
0.00000000099999999987 0.00000000099999999987 0.00000000099999999987 0.01426069956140406034 0.00000000099999999987 0.98573929643859592442 
0.00000000099999999988 0.00000000099999999988 0.00000000099999999988 0.02067402189452014621 0.00000000099999999988 0.97932597410547994610 
0.00000000099999999986 0.00000000099999999986 0.00000000099999999986 0.01726257144363839077 0.00000000099999999986 0.98273742455636159399 
0.00000000099999999988 0.00000000099999999988 0.00000000099999999988 0.02131464936785534489 0.00000000099999999988 0.97868534663214468150 
0.00000000099999999988 0.00000000099999999988 0.00000000099999999988 0.02488087258850720310 0.00000000099999999988 0.97511912341149276084 
0.00000000099999999988 0.00000000099999999988 0.00000000099999999988 0.02307897991880427865 0.00000000099999999988 0.97692101608119585876 
0.00000000099999999987 0.00000000099999999987 0.00000000099999999987 0.02045995590200394218 0.00000000099999999987 0.97954004009799600095 
0.00000000099999999986 0.00000000099999999986 0.00000000099999999986 0.00000000099999999986 0.00000000099999999986 0.99999999499999991937 
0.00000000099999999986 0.00000000099999999986 0.00000000099999999986 0.00000000099999999986 0.00000000099999999986 0.99999999500000003039 
0.00000000099999999987 0.00000000099999999987 0.00000000099999999987 0.00000000099999999987 0.00000000099999999987 0.99999999499999991937 
0.00000000099999999989 0.00000000099999999989 0.00000000099999999989 0.00000000099999999989 0.00000000099999999989 0.99999999500000003039 
0.00000000099999999997 0.00000000099999999997 0.00000000099999999997 0.00000000099999999997 0.00000000099999999997 0.99999999500000003039 
0.00000000099999999991 0.00000000099999999991 0.00000000099999999991 0.00000000099999999991 0.00000000099999999991 0.99999999499999991937 
0.00000000099999999991 0.00000000099999999991 0.00000000099999999991 0.00000000099999999991 0.00000000099999999991 0.99999999500000003039 
0.00000000099999999986 0.00000000099999999986 0.00000000099999999986 0.00000000099999999986 0.00000000099999999986 0.99999999500000003039 
0.00000000099999999987 0.00000000099999999987 0.00000000099999999987 0.00000000099999999987 0.00000000099999999987 0.99999999500000003039 
0.00000000099999999989 0.00000000099999999989 0.00000000099999999989 0.00000000099999999989 0.00000000099999999989 0.99999999500000003039 
0.00000000099999999994 0.00000000099999999994 0.00000000099999999994 0.00000000099999999994 0.00000000099999999994 0.99999999500000003039 
0.00000000099999999986 0.00000000099999999986 0.00000000099999999986 0.00000000099999999986 0.00000000099999999986 0.99999999500000003039 
0.00000000099999999985 0.00000000099999999985 0.00000000099999999985 0.00000000099999999985 0.00000000099999999985 0.99999999500000003039 
0.00000000099999999987 0.00000000099999999987 0.00000000099999999987 0.00000000099999999987 0.00000000099999999987 0.99999999500000003039 
0.00000000099999999986 0.00000000099999999986 0.00000000099999999986 0.00000000099999999986 0.00000000099999999986 0.99999999499999991937 
0.00000000099999999993 0.00000000099999999993 0.00000000099999999993 0.00000000099999999993 0.00000000099999999993 0.99999999499999991937 
0.00000000099999999989 0.00000000099999999989 0.00000000099999999989 0.00000000099999999989 0.00000000099999999989 0.99999999500000003039 
0.00000000099999999987 0.00000000099999999987 0.00000000099999999987 0.00000000099999999987 0.00000000099999999987 0.99999999499999991937 
0.00000000099999999984 0.00000000099999999984 0.00000000099999999984 0.00000000099999999984 0.00000000099999999984 0.99999999499999991937 
0.00000000099999999987 0.00000000099999999987 0.00000000099999999987 0.00000000099999999987 0.00000000099999999987 0.99999999499999991937 
0.00000000099999999986 0.00000000099999999986 0.00000000099999999986 0.00000000099999999986 0.00000000099999999986 0.99999999499999991937 
0.00000000099999999989 0.00000000099999999989 0.00000000099999999989 0.00000000099999999989 0.00000000099999999989 0.99999999500000003039 
0.00000000099999999987 0.00000000099999999987 0.00000000099999999987 0.00000000099999999987 0.00000000099999999987 0.99999999500000003039 
0.00000000099999999985 0.00000000099999999985 0.00000000099999999985 0.00000000099999999985 0.00000000099999999985 0.99999999500000003039 
0.00000000099999999984 0.00000000099999999984 0.00000000099999999984 0.00000000099999999984 0.00000000099999999984 0.99999999499999991937 
0.00000000099999999990 0.00000000099999999990 0.00000000099999999990 0.00000000099999999990 0.00000000099999999990 0.99999999499999991937 
0.00000000099999999998 0.00000000099999999998 0.00000000099999999998 0.00000000099999999998 0.00000000099999999998 0.99999999500000003039 
0.00000000099999999991 0.00000000099999999991 0.00000000099999999991 0.00000000099999999991 0.00000000099999999991 0.99999999499999991937 
0.00000000099999999986 0.00000000099999999986 0.00000000099999999986 0.00000000099999999986 0.00000000099999999986 0.99999999500000003039 
0.00000000099999999987 0.00000000099999999987 0.00000000099999999987 0.00000000099999999987 0.00000000099999999987 0.99999999499999991937 
0.00000000099999999989 0.00000000099999999989 0.00000000099999999989 0.00000000099999999989 0.00000000099999999989 0.99999999499999991937 
0.00000000099999999990 0.00000000099999999990 0.00000000099999999990 0.00000000099999999990 0.00000000099999999990 0.99999999500000003039 
0.00000000099999999989 0.00000000099999999989 0.00000000099999999989 0.00000000099999999989 0.00000000099999999989 0.99999999500000003039 
0.00000000099999999988 0.00000000099999999988 0.00000000099999999988 0.00000000099999999988 0.00000000099999999988 0.99999999500000003039 
0.00000000099999999994 0.00000000099999999994 0.00000000099999999994 0.00000000099999999994 0.00000000099999999994 0.99999999499999991937 
0.00000000099999999987 0.00000000099999999987 0.00000000099999999987 0.00000000099999999987 0.00000000099999999987 0.99999999500000003039 
0.00000000099999999985 0.00000000099999999985 0.00000000099999999985 0.00000000099999999985 0.00000000099999999985 0.99999999500000003039 
0.00000000099999999986 0.00000000099999999986 0.00000000099999999986 0.00000000099999999986 0.00000000099999999986 0.99999999499999991937 
0.00000000099999999996 0.00000000099999999996 0.00000000099999999996 0.00000000099999999996 0.00000000099999999996 0.99999999499999991937 
0.00000000099999999988 0.00000000099999999988 0.00000000099999999988 0.00000000099999999988 0.00000000099999999988 0.99999999499999991937 
0.00000000099999999986 0.00000000099999999986 0.00000000099999999986 0.00000000099999999986 0.00000000099999999986 0.99999999499999991937 
0.00000000099999999985 0.00000000099999999985 0.00000000099999999985 0.00000000099999999985 0.00000000099999999985 0.99999999500000003039 
0.00000000099999999987 0.00000000099999999987 0.00000000099999999987 0.00000000099999999987 0.00000000099999999987 0.99999999499999991937 
0.00000000099999999989 0.00000000099999999989 0.00000000099999999989 0.00000000099999999989 0.00000000099999999989 0.99999999500000003039 
0.00000000099999999987 0.00000000099999999987 0.00000000099999999987 0.00000000099999999987 0.00000000099999999987 0.99999999500000003039 
0.04869930627065545414 0.69880900379990706917 0.15609654008362192079 0.06612461037928393792 0.03027053846653154218 0.00000000099999999998 
0.05458336785589636836 0.68138642357755430101 0.19496186447338936798 0.04171047209823099816 0.02735787099492908298 0.00000000099999999998 
0.03852373227949624362 0.71524524634788011479 0.16814937475836538860 0.05505756508162382851 0.02302408053263444235 0.00000000099999999998 
0.06599940110144005001 0.71454662725572015702 0.16440698039760962001 0.03607775587923880978 0.01896923436599132554 0.00000000099999999999 
0.05475933556319358131 0.71409577948785274426 0.14400064506128551489 0.06018188198045373860 0.02696235690721445963 0.00000000099999999998 
0.08547929538644191694 0.73120578251480250476 0.12614956512384517540 0.03028558680015162180 0.02687976917475888919 0.00000000099999999999 
0.06606747950034121131 0.72421842613875841987 0.15394869980397843379 0.03191098943862633736 0.02385440411829571616 0.00000000099999999998 
0.07152528560681534198 0.70227175865740021354 0.15672484285172980090 0.04976186228542572171 0.01971624959862886342 0.00000000099999999999 
0.05937244929254931886 0.72474585367470545361 0.14809243393368956565 0.05530443179143309379 0.01248483030762267444 0.00000000099999999998 
0.05548956421922496274 0.71630010529897802929 0.16417259598819194943 0.04145935829855238591 0.02257837519505263152 0.00000000099999999999 
0.05385520279131685017 0.73179076007831034278 0.15287364341755763086 0.03850911333391231900 0.02297127937890273627 0.00000000099999999998 
0.05097456757483265211 0.71294158616413672025 0.14158915568170582500 0.07270646021525867253 0.02178822936406609248 0.00000000099999999999 
0.06371841743329796637 0.69476293873956918024 0.17636364168916793260 0.06075095424497658353 0.00440404689298829703 0.00000000099999999998 
0.06258865574685898436 0.72265570294808711971 0.15673801381656299325 0.04853686201146790308 0.00948076447702298104 0.00000000099999999998 
0.06526626188124819150 0.70236206490623998011 0.16265507514267865674 0.04100477372440154006 0.02871182334543154191 0.00000000099999999998 
0.06211594591009588634 0.71817641543732757548 0.15926709769495828173 0.04341458773473801103 0.01702595222288010024 0.00000000099999999998 
0.06769690890733892630 0.70912641114112451302 0.15367332103205097460 0.05453352788149974650 0.01496983003798589562 0.00000000099999999998 
0.06757693112903913335 0.70706158173086597341 0.16033488835069900635 0.03999889468995038860 0.02502770309944558555 0.00000000099999999998 
0.08335017998592315902 0.68895695373675136519 0.17133100036712772818 0.02780950057205250001 0.02855236433814534874 0.00000000099999999998 
0.06587982879084998411 0.72134062203179527550 0.16269124465597900597 0.03475267741972497965 0.01533562610165080733 0.00000000099999999998 
0.08768189514076964175 0.65188242936414753093 0.22247410357850791462 0.01628356162572443255 0.02167800929085047026 0.00000000099999999998 
0.05822446077624203464 0.67096136989758681235 0.20877288554888892569 0.04160143149544794083 0.02043985128183431824 0.00000000099999999998 
0.04952485971379289031 0.66063818744447733167 0.21206840881867691784 0.03960474552062009240 0.03816379750243268504 0.00000000099999999999 
0.04872357078851160400 0.67336677135646427761 0.21378351448106597266 0.03749995743591952313 0.02662618493803852945 0.00000000099999999998 
0.07412641634595869278 0.65643078166208523871 0.20622711041143007571 0.04191523597807816220 0.02130045460244777561 0.00000000099999999998 
0.06029477126431036227 0.66050784803617001995 0.21805992712002175704 0.04234675996768806627 0.01879069261180970132 0.00000000099999999998 
0.06785716676770629785 0.65961835783342459560 0.21863419888014123948 0.02743857863850713771 0.02645169688022072640 0.00000000099999999999 
0.06697802989949057373 0.66716001669806590524 0.21027741269192873341 0.02925187113474818704 0.02633266857576653172 0.00000000099999999999 
0.05538634385451798176 0.66595555266682970874 0.20985521943788754129 0.04381177016364125321 0.02499111287712334900 0.00000000099999999998 
0.06088517179695521891 0.66638136233385636409 0.22162648591086503425 0.03613212964741550209 0.01497484931090793669 0.00000000099999999998 
0.02075188289343006878 0.83518323608353883802 0.12634524658675042041 0.00969953076253996654 0.00802010267374053676 0.00000000099999999997 
0.02718694578576471774 0.81916800847831283683 0.11573734987730865953 0.01556602369145141697 0.02234167116716223936 0.00000000099999999998 
0.03251489010421217130 0.81739419236563615190 0.11081578914076736786 0.02522969237964043862 0.01404543500974387085 0.00000000099999999997 
0.03102279675798882627 0.83339188802501429354 0.09232163546667986054 0.02515739078664993439 0.01810628796366716906 0.00000000099999999998 
0.02809928212824508442 0.84672644751814540864 0.10429512939461141330 0.00000000099999999998 0.02087913895899813632 0.00000000099999999998 
0.03519448723477329455 0.82798617282653208527 0.12228535928954728518 0.00004106337980972238 0.01449291626933767695 0.00000000099999999998 
0.03733623563551249219 0.82137418646421456181 0.10400719118332726887 0.02489009209957904895 0.01239229361736652463 0.00000000099999999997 
0.02473681233141566613 0.84229811777568863729 0.11268760663621626983 0.00249118615410214711 0.01778627610257732181 0.00000000099999999997 
0.03163762173712302700 0.81463849043533775873 0.12365853241699416298 0.01805628996052047880 0.01200906445002446719 0.00000000099999999997 
0.03703177656365293918 0.83448681866806562191 0.10892036725445915224 0.00518259885134957077 0.01437843766247282051 0.00000000099999999997 
0.07320694562220431134 0.74250437225513776784 0.13707340544846091657 0.02653173440014177514 0.02068354127405511514 0.00000000099999999998 
0.05538451661240879204 0.77518958520331171513 0.13262814627304070347 0.02510299277633942089 0.01169475813489927532 0.00000000099999999998 
0.08232944702526974468 0.76548921487826371290 0.10612082759962787604 0.02634166785260820542 0.01971884164423044414 0.00000000099999999999 
0.05661293716601599468 0.76342901205473712167 0.13773042418475861526 0.03540985726587241728 0.00681776832861572500 0.00000000099999999998 
0.06842356769637107650 0.76220369012157596078 0.12117973289982228446 0.03736842056664583384 0.01082458771558491434 0.00000000099999999998 
0.05849473227001459469 0.78891783053278030646 0.11257659649707017768 0.03763965895526267397 0.00237118074487220913 0.00000000100000000000 
0.05155255936767103031 0.78707055621896049313 0.10220678530529524186 0.04498459952722979466 0.01418549858084350128 0.00000000099999999998 
0.08077652675991846276 0.71714158858351939596 0.14257739922425627377 0.03907905434621249813 0.02042543008609341154 0.00000000099999999998 
0.07908998948800886886 0.74430479472184740697 0.11897771026278278206 0.04668040736681967201 0.01094709716054134349 0.00000000099999999998 
0.04971225317469875338 0.73519187744206737634 0.14783143299926743142 0.06297730243441650166 0.00428713294954982845 0.00000000099999999998 
0.04785152976817468734 0.75328857370129065352 0.13650825297919275125 0.05395653559685315015 0.00839510695448881378 0.00000000099999999998 
0.07673735186494208549 0.72820267203120525590 0.14235487138054117584 0.03620201967803302751 0.01650308404527838640 0.00000000099999999998 
0.07964728220245938239 0.71720979352881453206 0.14221079486355514554 0.04645161797936086384 0.01448051042581002638 0.00000000099999999998 
0.05859215517238271914 0.75037007773425656865 0.14069563111801516864 0.03882645929630418324 0.01151567567904118912 0.00000000099999999998 
0.04233664743629561578 0.74831777846919944608 0.14312074635353044805 0.05855900447679341508 0.00766582226418113799 0.00000000099999999998 
0.07707608793399682579 0.74015046084481894706 0.13791025445339633038 0.03299558217778154195 0.01186761359000623739 0.00000000099999999998 
0.05083456680014693946 0.78232324415336174095 0.13095114060336068840 0.01908176337108539317 0.01680928407204537040 0.00000000099999999998 
0.05686952044404549461 0.74155683728938537325 0.15897146539159670575 0.03035034213527187941 0.01225183373970061169 0.00000000099999999998 
0.03752217410127072633 0.74531772333299306510 0.17891562934147720032 0.03114842033134130467 0.00709605189291760870 0.00000000099999999998 
0.03535596144870245539 0.78002998906648624011 0.15172463475716299608 0.02271525052544863532 0.01017416320219977251 0.00000000099999999998 
0.06855208329271844647 0.74734832986132360144 0.13982746791129493924 0.02258583206560764445 0.02168628586905538974 0.00000000099999999998 
0.03101781780748226469 0.76262597383308650123 0.15808883348757862830 0.03037066281117412059 0.01789671106067848919 0.00000000099999999998 
0.05214652024830512128 0.75097115352483545525 0.15602469859583920075 0.02321688116260542736 0.01764074546841465016 0.00000000099999999998 
0.05738710399251713279 0.76498314280507673235 0.14619258217017991330 0.01627727290139789618 0.01515989713082826519 0.00000000099999999998 
0.05304064852406140118 0.75766576486156012038 0.16051866085747518165 0.01760844246310738076 0.01116648229379584197 0.00000000099999999998 
0.04449459719089687848 0.74273646194370157581 0.16112640578562326121 0.02817696816622300079 0.02346556591355533974 0.00000000099999999998 
0.04836255431502663182 0.74763269238479324041 0.15774730208675050158 0.03204776399500598727 0.01420968621842363770 0.00000000099999999998 
0.05862862815238525926 0.75238910236324163527 0.15606433616452006219 0.01547151024105972161 0.01744642207879336382 0.00000000099999999998 
0.03679862720428013489 0.72365074430505116343 0.18156535392658423866 0.03770628476225126868 0.02027898880183304914 0.00000000099999999998 
0.03599930037733426597 0.78026048773267497882 0.15492179128457389536 0.01000354326905771897 0.01881487633635916049 0.00000000099999999998 
0.04501855627625929446 0.79509281579058421752 0.13202982548065664292 0.01172043385979277923 0.01613836759270693630 0.00000000099999999998 
0.06841407628603414504 0.76525265832074673700 0.13969662278569797143 0.00360583257309104056 0.02303080903443010044 0.00000000099999999998 
0.04995218909551429887 0.75902831451544450214 0.14343272728874559285 0.02821165399824247452 0.01937511410205308357 0.00000000099999999998 
0.07380342932098669928 0.73595866315556524029 0.15280966969975356973 0.02582779086156920118 0.01160044596212514087 0.00000000099999999998 
0.03756366009434711217 0.76243207670675516852 0.15694506254332415973 0.02433200242955713827 0.01872719722601612347 0.00000000099999999998 
0.05923659739680803976 0.74720061862365028116 0.15800410202164255624 0.02150679337392975843 0.01405188758396940830 0.00000000099999999998 
0.03279571266500441035 0.78799859364405433482 0.13981415922833700938 0.02981876488136873254 0.00957276858123551865 0.00000000099999999997 
0.05545357617843930942 0.75101511006890120381 0.15071204205753474525 0.03819943952609764631 0.00461983116902723884 0.00000000099999999998 
0.02099014060377312613 0.79633962695689597400 0.14512040950633528502 0.02580384783330951642 0.01174597409968621865 0.00000000099999999998 
0.03633835766119904859 0.81938722552133147481 0.13493931975261430622 0.00767976124987591966 0.00165533481497914239 0.00000000099999999999 
0.02210992615839971198 0.82089982617441314972 0.14105161716482755851 0.00539711330693563602 0.01054151619542388271 0.00000000099999999998 
0.01696401619445220971 0.81949724417999902926 0.13823925329160552389 0.01605137595142786672 0.00924810938251525820 0.00000000099999999998 
0.01350112611115798777 0.81314374390404553505 0.14267373336545982609 0.03068139461933666601 0.00000000099999999998 0.00000000099999999998 
0.02494737047043297032 0.83652388513699149630 0.13706530726044602320 0.00000000099999999998 0.00146343513212949801 0.00000000099999999998 
0.01945756482514715904 0.82899935510138045291 0.12388223615005494738 0.02711720831915070962 0.00054363460426685344 0.00000000099999999998 
0.01566396167841103970 0.84953620359503634329 0.12877845086390801721 0.00602137338719487946 0.00000000947544972868 0.00000000099999999998 
0.02231741651744654012 0.81158551890579888610 0.14681750676458538152 0.01414281548175949123 0.00513674133040959227 0.00000000099999999998 
0.02455992947431117138 0.84592261681234348636 0.11287031144463190169 0.01253730826992684178 0.00410983299878659065 0.00000000099999999998 
0.03668612518487920221 0.80056128559077788243 0.14700209596488811314 0.00999621990226513650 0.00575427235718970181 0.00000000099999999998 
0.02352940535040293560 0.81213516186142842290 0.13671400437144362594 0.01738499486778176048 0.01023643254894329550 0.00000000099999999998 
0.03111156547783269430 0.79379661609652096832 0.13440255187433367001 0.02058809173960335706 0.00665988848284591699 0.01344128632886331179 
0.02676348452117702226 0.81717394655774722168 0.12608070521128417196 0.02353913659532229363 0.00644272611446921814 0.00000000099999999998 
0.00978960099838755739 0.83166920148313916439 0.13020977426274646382 0.01863091456045016733 0.00970050769527666321 0.00000000099999999998 
0.01409628480852087758 0.85066970077685777341 0.12550223331923568426 0.00000265772522978963 0.00972912237015572355 0.00000000099999999998 
0.03286382788564003871 0.84694693767704298804 0.11527860158717855021 0.00490878714645636652 0.00000184470368193512 0.00000000099999999998 
0.01778261830801663307 0.85197312507061506714 0.11843278279473422321 0.01181147182663408110 0.00000000099999999998 0.00000000099999999998 
0.01926015264214478093 0.81061282893405861572 0.14028795729329504582 0.02489805479106193750 0.00494100533943966740 0.00000000099999999998 
0.02104086618615680013 0.82546015536529226964 0.12557606883307764756 0.02263866524468931968 0.00528424337078393144 0.00000000099999999998 
0.00000000099999999993 0.99999999500000014141 0.00000000099999999993 0.00000000099999999993 0.00000000099999999993 0.00000000099999999993 
0.00000000099999999994 0.99999999500000014141 0.00000000099999999994 0.00000000099999999994 0.00000000099999999994 0.00000000099999999994 
0.00000000099999999994 0.99999999500000003039 0.00000000099999999994 0.00000000099999999994 0.00000000099999999994 0.00000000099999999994 
0.00000000099999999992 0.99999999500000003039 0.00000000099999999992 0.00000000099999999992 0.00000000099999999992 0.00000000099999999992 
0.00000000099999999992 0.99999999500000014141 0.00000000099999999992 0.00000000099999999992 0.00000000099999999992 0.00000000099999999992 
0.00000000099999999992 0.99999999500000014141 0.00000000099999999992 0.00000000099999999992 0.00000000099999999992 0.00000000099999999992 
0.00000000099999999992 0.99999999500000014141 0.00000000099999999992 0.00000000099999999992 0.00000000099999999992 0.00000000099999999992 
0.00000000099999999992 0.99999999500000003039 0.00000000099999999992 0.00000000099999999992 0.00000000099999999992 0.00000000099999999992 
0.00000000099999999993 0.99999999500000014141 0.00000000099999999993 0.00000000099999999993 0.00000000099999999993 0.00000000099999999993 
0.00000000099999999994 0.99999999500000003039 0.00000000099999999994 0.00000000099999999994 0.00000000099999999994 0.00000000099999999994 
0.00000000099999999995 0.99999999500000003039 0.00000000099999999995 0.00000000099999999995 0.00000000099999999995 0.00000000099999999995 
0.00000000099999999993 0.99999999500000003039 0.00000000099999999993 0.00000000099999999993 0.00000000099999999993 0.00000000099999999993 
0.00000000099999999993 0.99999999500000003039 0.00000000099999999993 0.00000000099999999993 0.00000000099999999993 0.00000000099999999993 
0.00000000099999999991 0.99999999500000003039 0.00000000099999999991 0.00000000099999999991 0.00000000099999999991 0.00000000099999999991 
0.00000000099999999993 0.99999999500000014141 0.00000000099999999993 0.00000000099999999993 0.00000000099999999993 0.00000000099999999993 
0.00000000099999999990 0.99999999500000003039 0.00000000099999999990 0.00000000099999999990 0.00000000099999999990 0.00000000099999999990 
0.00000000099999999992 0.99999999500000003039 0.00000000099999999992 0.00000000099999999992 0.00000000099999999992 0.00000000099999999992 
0.00000000099999999990 0.99999999500000014141 0.00000000099999999990 0.00000000099999999990 0.00000000099999999990 0.00000000099999999990 
0.00000000099999999995 0.99999999500000003039 0.00000000099999999995 0.00000000099999999995 0.00000000099999999995 0.00000000099999999995 
0.00000000099999999993 0.99999999500000003039 0.00000000099999999993 0.00000000099999999993 0.00000000099999999993 0.00000000099999999993 
0.05941114612111538656 0.70226997143823888248 0.15486689670571265887 0.07766203859417129818 0.00578994614076172934 0.00000000099999999998 
0.07339989893972541368 0.68314820330961545380 0.15208655104329010799 0.07380137540641323879 0.01756397030095558157 0.00000000099999999998 
0.06361729781815740614 0.70536554633551273863 0.15986119509354143609 0.05868562140382330844 0.01247033834896499153 0.00000000099999999999 
0.03479533118854246515 0.72477481941158161671 0.13600628767042255429 0.08804267785284261572 0.01638088287661094641 0.00000000099999999999 
0.06550418161837159858 0.72298216674720194863 0.13947299494314749357 0.06420873929288742343 0.00783191639839158661 0.00000000099999999999 
0.06743318459082642269 0.68152650799407077375 0.17118350531938408832 0.06148583181351544025 0.01837096928220316797 0.00000000099999999999 
0.05658533015391264964 0.72837617255440334496 0.14130800370492357931 0.05752860429200044173 0.01620188829475995365 0.00000000099999999999 
0.07386399487020904597 0.69229778396897501125 0.16972377448376693709 0.04891879355501397436 0.01519565212203508736 0.00000000099999999999 
0.07498569396330656556 0.70296116087440230213 0.16837057424722789989 0.04715702576645668803 0.00652554414860650675 0.00000000099999999998 
0.05929497503761463340 0.71009726218085478244 0.16719465290239049482 0.05147234846044472512 0.01194076041869536996 0.00000000099999999998 
0.00000000099999999980 0.00000000099999999980 0.00000000099999999980 0.00000000099999999980 0.99999999500000003039 0.00000000099999999980 
0.00000000099999999975 0.00000000099999999975 0.00000000099999999975 0.00000000099999999975 0.99999999500000003039 0.00000000099999999975 
0.00000000099999999978 0.00000000099999999978 0.00000000099999999978 0.00000000099999999978 0.99999999500000003039 0.00000000099999999978 
0.00000000099999999978 0.00000000099999999978 0.00000000099999999978 0.00000000099999999978 0.99999999499999991937 0.00000000099999999978 
0.00000000099999999974 0.00000000099999999974 0.00000000099999999974 0.00000000099999999974 0.99999999499999991937 0.00000000099999999974 
0.00000000099999999971 0.00000000099999999971 0.00000000099999999971 0.00000000099999999971 0.99999999500000003039 0.00000000099999999971 
0.00000000099999999976 0.00000000099999999976 0.00000000099999999976 0.00000000099999999976 0.99999999499999991937 0.00000000099999999976 
0.00000000099999999980 0.00000000099999999980 0.00000000099999999980 0.00000000099999999980 0.99999999500000003039 0.00000000099999999980 
0.00000000099999999973 0.00000000099999999973 0.00000000099999999973 0.00000000099999999973 0.99999999500000003039 0.00000000099999999973 
0.00000000099999999978 0.00000000099999999978 0.00000000099999999978 0.00000000099999999978 0.99999999499999991937 0.00000000099999999978 
0.00000000099999999975 0.00000000099999999975 0.00000000099999999975 0.00000000099999999975 0.99999999499999991937 0.00000000099999999975 
0.00000000099999999973 0.00000000099999999973 0.00000000099999999973 0.00000000099999999973 0.99999999500000003039 0.00000000099999999973 
0.00000000099999999975 0.00000000099999999975 0.00000000099999999975 0.00000000099999999975 0.99999999500000003039 0.00000000099999999975 
0.00000000099999999976 0.00000000099999999976 0.00000000099999999976 0.00000000099999999976 0.99999999499999991937 0.00000000099999999976 
0.00000000099999999976 0.00000000099999999976 0.00000000099999999976 0.00000000099999999976 0.99999999499999991937 0.00000000099999999976 
0.00000000099999999973 0.00000000099999999973 0.00000000099999999973 0.00000000099999999973 0.99999999499999991937 0.00000000099999999973 
0.00000000099999999979 0.00000000099999999979 0.00000000099999999979 0.00000000099999999979 0.99999999499999991937 0.00000000099999999979 
0.00000000099999999982 0.00000000099999999982 0.00000000099999999982 0.00000000099999999982 0.99999999499999991937 0.00000000099999999982 
0.00000000099999999979 0.00000000099999999979 0.00000000099999999979 0.00000000099999999979 0.99999999499999991937 0.00000000099999999979 
0.00000000099999999975 0.00000000099999999975 0.00000000099999999975 0.00000000099999999975 0.99999999500000003039 0.00000000099999999975 
0.00000000099999999971 0.00000000099999999971 0.00000000099999999971 0.00000000099999999971 0.00000000099999999971 0.99999999500000003039 
0.00000000099999999970 0.00000000099999999970 0.00000000099999999970 0.00000000099999999970 0.00000000099999999970 0.99999999500000003039 
0.00000000099999999971 0.00000000099999999971 0.00000000099999999971 0.00000000099999999971 0.00000000099999999971 0.99999999500000003039 
0.00000000099999999972 0.00000000099999999972 0.00000000099999999972 0.00000000099999999972 0.00000000099999999972 0.99999999499999991937 
0.00000000099999999968 0.00000000099999999968 0.00000000099999999968 0.00000000099999999968 0.00000000099999999968 0.99999999499999991937 
0.00000000099999999971 0.00000000099999999971 0.00000000099999999971 0.00000000099999999971 0.00000000099999999971 0.99999999500000003039 
0.00000000099999999973 0.00000000099999999973 0.00000000099999999973 0.00000000099999999973 0.00000000099999999973 0.99999999500000003039 
0.00000000099999999974 0.00000000099999999974 0.00000000099999999974 0.00000000099999999974 0.00000000099999999974 0.99999999500000003039 
0.00000000099999999969 0.00000000099999999969 0.00000000099999999969 0.00000000099999999969 0.00000000099999999969 0.99999999499999991937 
0.00000000099999999970 0.00000000099999999970 0.00000000099999999970 0.00000000099999999970 0.00000000099999999970 0.99999999500000003039 
0.00000000099999999970 0.00000000099999999970 0.00000000099999999970 0.00000000099999999970 0.00000000099999999970 0.99999999499999991937 
0.00000000099999999972 0.00000000099999999972 0.00000000099999999972 0.00000000099999999972 0.00000000099999999972 0.99999999499999991937 
0.00000000099999999969 0.00000000099999999969 0.00000000099999999969 0.00000000099999999969 0.00000000099999999969 0.99999999499999991937 
0.00000000099999999971 0.00000000099999999971 0.00000000099999999971 0.00000000099999999971 0.00000000099999999971 0.99999999500000003039 
0.00000000099999999981 0.00000000099999999981 0.00000000099999999981 0.00000000099999999981 0.00000000099999999981 0.99999999500000003039 
0.00000000099999999973 0.00000000099999999973 0.00000000099999999973 0.00000000099999999973 0.00000000099999999973 0.99999999499999991937 
0.00000000099999999972 0.00000000099999999972 0.00000000099999999972 0.00000000099999999972 0.00000000099999999972 0.99999999499999991937 
0.00000000099999999972 0.00000000099999999972 0.00000000099999999972 0.00000000099999999972 0.00000000099999999972 0.99999999499999991937 
0.00000000099999999970 0.00000000099999999970 0.00000000099999999970 0.00000000099999999970 0.00000000099999999970 0.99999999500000003039 
0.00000000099999999971 0.00000000099999999971 0.00000000099999999971 0.00000000099999999971 0.00000000099999999971 0.99999999499999991937 
