0.00000000099999999995 0.00000000099999999995 0.00000000099999999995 0.99999999599999989108 0.00000000099999999995 
0.00000000099999999995 0.00000000099999999995 0.00000000099999999995 0.99999999599999989108 0.00000000099999999995 
0.00000000099999999994 0.00000000099999999994 0.00000000099999999994 0.99999999600000000211 0.00000000099999999994 
0.00000001906801885620 0.00000000099999999999 0.00000000099999999999 0.99936337281665632570 0.00063660611532473192 
0.00000000099999999992 0.00000000099999999992 0.00000000099999999992 0.99999999600000000211 0.00000000099999999992 
0.00000000099999999998 0.00000000099999999998 0.00000000099999999998 0.99999999599999989108 0.00000000099999999998 
0.00000000099999999999 0.00000000099999999999 0.00000000099999999999 0.99991007220905525621 0.00008992479094471206 
0.00000000099999999997 0.00000000099999999997 0.25670674548470900911 0.71588608438774381515 0.02740716812754719761 
0.01029454810733382124 0.00000000099999999998 0.26764996505852639563 0.69681967315539761199 0.02523581267874221851 
0.01656316861357195677 0.00000000099999999998 0.25890062104465627613 0.70550229710665646188 0.01903391223511538208 
0.00920145430174050018 0.00000000099999999997 0.25821524159233322226 0.71131139364383499935 0.02127190946209124578 
0.00581751577027339595 0.00000000099999999998 0.25783632732923122965 0.71253172440321776993 0.02381443149727754602 
0.00000010565803758031 0.00000000099999999998 0.25919589546095417321 0.71704843338926116392 0.02375556449174715326 
0.00464389962384604334 0.00000000099999999998 0.27543918592085053776 0.69364223664407675951 0.02627467681122661741 
0.00932448919241168905 0.00000000099999999997 0.27590340841086335999 0.69007280775625368108 0.02469929364047118714 
0.00012799151822175665 0.00000000099999999998 0.25027914199220446800 0.72293388321470342106 0.02665898227487045399 
0.00273415264406992597 0.00000000099999999998 0.25545837403104432184 0.71917959692401856042 0.02262787540086704657 
0.00986287810592498260 0.00000000099999999998 0.27326089239367007400 0.69826178898585511412 0.01861443951454981247 
0.00263041700246252836 0.00000000099999999998 0.29131879248809783300 0.68156036338803582808 0.02449042612140388611 
0.01097408473728169603 0.00000000099999999998 0.27400525067363973308 0.69566908104561453463 0.01935158254346410617 
0.01560402520956202972 0.00000000099999999998 0.27595330633432313405 0.68335000818663427236 0.02509265926948060083 
0.00118449140778648099 0.00000000099999999998 0.26674439409559930203 0.71423407098755409272 0.01783704250906012131 
0.00219410888797428368 0.00000000099999999998 0.24613275947824314605 0.71577168553911385551 0.03590144509466864503 
0.01052208868264640357 0.00000000099999999997 0.25715055838423050982 0.70707611090560995581 0.02525124102751312785 
0.00663647114392732374 0.00000000099999999998 0.26551551359025704624 0.70004585104177363686 0.02780216322404192864 
0.00123726934306670139 0.00000000099999999998 0.25945168620063979725 0.71278455864547030085 0.02652648481082317891 
0.00419948860961848452 0.00000000099999999998 0.28833458555737312423 0.68414564454084692002 0.02332028029216141884 
0.01482817081408557142 0.00000000099999999998 0.13330187905217472100 0.84660594253995835601 0.00526400659378133823 
0.00812339512235104623 0.00000000099999999997 0.12697559220875712094 0.86490101066889191195 0.00000000099999999997 
0.01937965990933952776 0.00000000099999999998 0.13630162342815704823 0.84217132586134424432 0.00214738980115911386 
0.00704810084961609521 0.00000000099999999998 0.12333320357060253980 0.86437879372040682391 0.00523990085937467258 
0.00266071531547969415 0.00000000099999999998 0.12278809679563218449 0.86283190717126267977 0.01171927971762545470 
0.01644279172751445667 0.00000000099999999998 0.10077834185022586933 0.87850649780292189295 0.00427236761933771480 
0.01436348104541918143 0.00000000099999999998 0.13227422054114548744 0.84967571561461274765 0.00368658179882271932 
0.00739929178278510291 0.00000000099999999998 0.13112304202636737571 0.85484474830916978849 0.00663291688167781061 
0.00697898218812350018 0.00000000099999999998 0.13419803486555689775 0.85882298094631959184 0.00000000099999999998 
0.01104686218456087804 0.00000000099999999997 0.11802068718605668307 0.87093244862938246076 0.00000000099999999997 
0.00817418372131313749 0.00000000099999999998 0.13900699257455442770 0.84596298592600749355 0.00685583677812493051 
0.00573568907081686494 0.00000000099999999998 0.14346710913882776417 0.84731695074826907099 0.00348025004208631951 
0.00813078745112027178 0.00000000099999999998 0.11853332244758256475 0.86729166609835872670 0.00604422300293841995 
0.00206139162909808318 0.00000000099999999998 0.15936562491409411724 0.83169414833540300513 0.00687883412140473036 
0.01238353813612815338 0.00000000099999999998 0.13976391207270916217 0.84036116713118813593 0.00749138165997450135 
0.00921594403853895350 0.00000000099999999998 0.14225305731963580613 0.83894169986354683033 0.00958929777827851812 
0.00589007353402371328 0.00000000099999999998 0.12966736019338764851 0.86444256427258869824 0.00000000099999999998 
0.01573384798997878517 0.00000000099999999998 0.15122565789524641811 0.83086141308025696084 0.00217908003451780996 
0.01869423960623233655 0.00000000099999999998 0.14395054629249401379 0.83030261897308299535 0.00705259412819072510 
0.01465429445621095096 0.00000000099999999998 0.13795013621371041146 0.84442773422604899825 0.00296783410402949588 
0.00000000099999999986 0.00000000099999999986 0.00000000099999999986 0.00000000099999999986 0.99999999600000000211 
0.00000000099999999982 0.00000000099999999982 0.00000000099999999982 0.00000000099999999982 0.99999999600000000211 
0.00000000099999999976 0.00000000099999999976 0.00000000099999999976 0.00000000099999999976 0.99999999600000000211 
0.00000000099999999999 0.02065666964417016763 0.00000000099999999999 0.02650399372906262624 0.95283933462676706494 
0.00000000099999999982 0.00000000099999999982 0.00000000099999999982 0.00000000099999999982 0.99999999600000000211 
0.00000000099999999981 0.00000000099999999981 0.00000000099999999981 0.00000000099999999981 0.99999999600000000211 
0.00000000099999999990 0.00000000099999999990 0.00000000099999999990 0.00000000099999999990 0.99999999599999989108 
0.00000000100000000000 0.00000619460795648138 0.07870218451680013882 0.12713368371049879602 0.79415793616474461558 
0.00000000099999999983 0.00000000099999999983 0.00000000099999999983 0.00000000099999999983 0.99999999599999989108 
0.00000000099999999993 0.00000000099999999993 0.00000000099999999993 0.00000000099999999993 0.99999999599999989108 
0.00000000099999999984 0.00000000099999999984 0.00000000099999999984 0.00000000099999999984 0.99999999600000000211 
0.00000000099999999999 0.00000000099999999999 0.00000000099999999999 0.00000050567199969488 0.99999949132800036722 
0.00000000099999999982 0.00000000099999999982 0.00000000099999999982 0.00000000099999999982 0.99999999600000000211 
0.00000000099999999977 0.00000000099999999977 0.00000000099999999977 0.00000000099999999977 0.99999999599999989108 
0.00000000099999999976 0.00000000099999999976 0.00000000099999999976 0.00000000099999999976 0.99999999599999989108 
0.00000000099999999979 0.00000000099999999979 0.00000000099999999979 0.00000000099999999979 0.99999999600000000211 
0.00000000099999999977 0.00000000099999999977 0.00000000099999999977 0.00000000099999999977 0.99999999599999989108 
0.00000000099999999977 0.00000000099999999977 0.00000000099999999977 0.00000000099999999977 0.99999999599999989108 
0.00000000099999999976 0.00000000099999999976 0.00000000099999999976 0.00000000099999999976 0.99999999600000000211 
0.00000000099999999973 0.00000000099999999973 0.00000000099999999973 0.00000000099999999973 0.99999999599999989108 
0.00000000099999999974 0.00000000099999999974 0.00000000099999999974 0.00000000099999999974 0.99999999599999989108 
0.00000000099999999976 0.00000000099999999976 0.00000000099999999976 0.00000000099999999976 0.99999999600000000211 
0.00000000099999999974 0.00000000099999999974 0.00000000099999999974 0.00000000099999999974 0.99999999600000000211 
0.00000000099999999975 0.00000000099999999975 0.00000000099999999975 0.00000000099999999975 0.99999999600000000211 
0.00000000099999999978 0.00000000099999999978 0.00000000099999999978 0.00000000099999999978 0.99999999600000000211 
0.00000000099999999978 0.00000000099999999978 0.00000000099999999978 0.00000000099999999978 0.99999999599999989108 
0.00000000099999999976 0.00000000099999999976 0.00000000099999999976 0.00000000099999999976 0.99999999600000000211 
0.00000000099999999990 0.99999999600000011313 0.00000000099999999990 0.00000000099999999990 0.00000000099999999990 
0.00000000099999999990 0.99999999600000011313 0.00000000099999999990 0.00000000099999999990 0.00000000099999999990 
0.00000000099999999991 0.99999999600000000211 0.00000000099999999991 0.00000000099999999991 0.00000000099999999991 
0.00000000099999999992 0.99998596001551454115 0.00000000099999999992 0.00000000099999999992 0.00001403698448569203 
0.00000000099999999997 0.99999999600000000211 0.00000000099999999997 0.00000000099999999997 0.00000000099999999997 
0.00000000099999999994 0.99999999600000011313 0.00000000099999999994 0.00000000099999999994 0.00000000099999999994 
0.00000000099999999993 0.99987861656163845581 0.00000000099999999993 0.00000000099999999993 0.00012138043836149949 
0.00000000099999999991 0.99999999600000000211 0.00000000099999999991 0.00000000099999999991 0.00000000099999999991 
0.00000000099999999991 0.99999999600000000211 0.00000000099999999991 0.00000000099999999991 0.00000000099999999991 
0.00000000099999999993 0.99985663545018188536 0.00000000099999999993 0.00000000099999999993 0.00014336154981828747 
0.00000000099999999996 0.99079892593583629434 0.00000000099999999996 0.00000000099999999996 0.00920107106416388591 
0.00000000099999999990 0.99999999600000000211 0.00000000099999999990 0.00000000099999999990 0.00000000099999999990 
0.00000000099999999991 0.99999999600000011313 0.00000000099999999991 0.00000000099999999991 0.00000000099999999991 
0.00000000099999999991 0.99999999600000000211 0.00000000099999999991 0.00000000099999999991 0.00000000099999999991 
0.00000000099999999990 0.99999999600000000211 0.00000000099999999990 0.00000000099999999990 0.00000000099999999990 
0.00000000099999999996 0.99999798669538486617 0.00000000099999999996 0.00000000099999999996 0.00000201030461514096 
0.00000000099999999993 0.99976682607059341734 0.00000000099999999993 0.00000000099999999993 0.00023317092940661132 
0.00000000099999999991 0.99999999600000000211 0.00000000099999999991 0.00000000099999999991 0.00000000099999999991 
0.00000000099999999990 0.99999999600000000211 0.00000000099999999990 0.00000000099999999990 0.00000000099999999990 
0.00000000099999999992 0.99938450508593257293 0.00000000099999999992 0.00000000099999999992 0.00061549191406757263 
0.00000000099999999990 0.99999999600000000211 0.00000000099999999990 0.00000000099999999990 0.00000000099999999990 
0.00000000099999999992 0.99999999600000011313 0.00000000099999999992 0.00000000099999999992 0.00000000099999999992 
0.00000000099999999991 0.99999999600000000211 0.00000000099999999991 0.00000000099999999991 0.00000000099999999991 
0.00000000099999999990 0.99999999600000000211 0.00000000099999999990 0.00000000099999999990 0.00000000099999999990 
0.00000000099999999989 0.99999999600000011313 0.00000000099999999989 0.00000000099999999989 0.00000000099999999989 
0.00000000099999999993 0.99996107880502838050 0.00000000099999999993 0.00000000099999999993 0.00003891819497176937 
0.00000000099999999998 0.99999999600000000211 0.00000000099999999998 0.00000000099999999998 0.00000000099999999998 
0.00000000099999999994 0.99999999600000000211 0.00000000099999999994 0.00000000099999999994 0.00000000099999999994 
0.00000000099999999992 0.99999999600000011313 0.00000000099999999992 0.00000000099999999992 0.00000000099999999992 
0.00000000099999999991 0.99999999600000000211 0.00000000099999999991 0.00000000099999999991 0.00000000099999999991 
0.00000000099999999992 0.99999999600000000211 0.00000000099999999992 0.00000000099999999992 0.00000000099999999992 
0.00000000099999999993 0.99999999600000011313 0.00000000099999999993 0.00000000099999999993 0.00000000099999999993 
0.00000000099999999992 0.99999999600000011313 0.00000000099999999992 0.00000000099999999992 0.00000000099999999992 
0.00000000099999999991 0.99999999600000000211 0.00000000099999999991 0.00000000099999999991 0.00000000099999999991 
0.00000000099999999996 0.99981125173527229943 0.00000000099999999996 0.00000000099999999996 0.00018874526472784005 
0.00000000099999999992 0.99999964284293907379 0.00000000099999999992 0.00000000099999999992 0.00000035415706102978 
0.00000000099999999990 0.99999999600000011313 0.00000000099999999990 0.00000000099999999990 0.00000000099999999990 
0.00000000099999999991 0.99999999600000000211 0.00000000099999999991 0.00000000099999999991 0.00000000099999999991 
0.00000000099999999997 0.99999999600000000211 0.00000000099999999997 0.00000000099999999997 0.00000000099999999997 
0.00000000099999999992 0.99999999600000000211 0.00000000099999999992 0.00000000099999999992 0.00000000099999999992 
0.00000000099999999991 0.99999999600000011313 0.00000000099999999991 0.00000000099999999991 0.00000000099999999991 
0.00000000099999999991 0.99999999600000011313 0.00000000099999999991 0.00000000099999999991 0.00000000099999999991 
0.00000000099999999991 0.99999999600000000211 0.00000000099999999991 0.00000000099999999991 0.00000000099999999991 
0.00000000099999999992 0.99999999600000011313 0.00000000099999999992 0.00000000099999999992 0.00000000099999999992 
0.00000000099999999991 0.99999999600000000211 0.00000000099999999991 0.00000000099999999991 0.00000000099999999991 
0.03415518576397164052 0.00000000099999999997 0.17384024347502666230 0.79200456876100178150 0.00000000099999999997 
0.03163569313606226507 0.00000000099999999996 0.20358869043595434478 0.76477561442798347446 0.00000000099999999996 
0.02731438390077735312 0.00000000099999999996 0.16481699393741525150 0.80786862016180738255 0.00000000099999999996 
0.02194377721872304773 0.00000000099999999997 0.19279785576410457537 0.78525836501717238836 0.00000000099999999997 
0.03048375584158261042 0.00000000099999999996 0.16334146486742975868 0.80617477729098752093 0.00000000099999999996 
0.03002239369847146955 0.00000000099999999997 0.17633422821230637645 0.79364337608922208567 0.00000000099999999997 
0.02739111969737205790 0.00000000099999999997 0.17868700434547032940 0.79392187395715763110 0.00000000099999999997 
0.02261637667326011139 0.00000000099999999998 0.18892805511336219215 0.78845556621337764547 0.00000000099999999998 
0.01534064888635313338 0.00000000099999999997 0.17238783759901563086 0.81227151151463106160 0.00000000099999999997 
0.02520225471667135453 0.00000000099999999997 0.17649459900898659126 0.79830314427434201363 0.00000000099999999997 
0.02489085864596740985 0.00000000099999999997 0.17023166596075142709 0.80487747339328119534 0.00000000099999999997 
0.02524444087928597036 0.00000000099999999998 0.16359497279380252888 0.81116058432691140467 0.00000000099999999998 
0.00723400140739864552 0.00000000099999999996 0.19964185352621205416 0.79312414306638934214 0.00000000099999999996 
0.01217680364080537050 0.00000000099999999996 0.18202469589729611266 0.80579849846189854912 0.00000000099999999996 
0.03190504924337450587 0.00000000099999999997 0.18400033504979848575 0.78409461370682698167 0.00000000099999999997 
0.01994018681874559773 0.00000000099999999996 0.17424986438528178301 0.80580994679597262031 0.00000000099999999996 
0.01913389627241848800 0.00000000099999999996 0.18860151067765326682 0.79226459104992807969 0.00000000099999999996 
0.02815219186351884673 0.00000000099999999996 0.18647707460029513959 0.78537073153618597310 0.00000000099999999996 
0.03002828986343632559 0.00000000099999999996 0.20148385442389643574 0.76848785371266725708 0.00000000099999999996 
0.01859154420735108226 0.00000000099999999997 0.18361175728461776036 0.79779669650803120007 0.00000000099999999997 
0.02632108642514716101 0.00000000099999999997 0.24962594488292930150 0.72405296669192342751 0.00000000099999999997 
0.02566818073160463329 0.00000000099999999996 0.20797088124560925149 0.76636093602278609893 0.00000000099999999996 
0.04297531023811894391 0.00000000099999999997 0.20199038982550987509 0.75503429793637111267 0.00000000099999999997 
0.03127563255333165593 0.00000000099999999997 0.20145726491454332696 0.76726710053212499041 0.00000000099999999997 
0.02545894785687394940 0.00000000099999999996 0.22079637196765300455 0.75374467817547297077 0.00000000099999999996 
0.02275429219581979676 0.00000000099999999996 0.22285086904729764501 0.75439483675688256969 0.00000000099999999996 
0.03114142422507423097 0.00000000099999999997 0.22370736434654389657 0.74515120942838175555 0.00000000099999999997 
0.03153610121853867715 0.00000000099999999997 0.21619828468618262907 0.75226561209527853524 0.00000000099999999997 
0.02894430134158177889 0.00000000099999999997 0.20441465125874933029 0.76664104539966881902 0.00000000099999999997 
0.01927048077310775792 0.00000000099999999996 0.22122580012829382023 0.75950371709859831881 0.00000000099999999996 
0.01118331540763999911 0.00000000099999999995 0.11199901581570952114 0.87681766677665040621 0.00000000099999999995 
0.02540930417583607895 0.00000000099999999995 0.11406041594009426465 0.86053027788406966092 0.00000000099999999995 
0.01842764138002953717 0.00000000099999999994 0.11599269471471745918 0.86557966190525292838 0.00000000099999999994 
0.02237232342610722194 0.00000000099999999996 0.10332445887694147180 0.87430321569695124140 0.00000000099999999996 
0.02540982599624937860 0.00000000099999999996 0.10292397587189365538 0.87166619613185702953 0.00000000099999999996 
0.01771894754076372425 0.00000000099999999995 0.12363857460051340398 0.85864247585872277568 0.00000000099999999995 
0.01733375307116489378 0.00000000099999999995 0.11850641450571977598 0.86415983042311517170 0.00000000099999999995 
0.02222882926630350905 0.00000000099999999994 0.10354175777766538857 0.87422941095603112771 0.00000000099999999994 
0.01610803277460305660 0.00000000099999999994 0.12783752822718169595 0.85605443699821515136 0.00000000099999999994 
0.01801512053667968585 0.00000000099999999995 0.11954586452363404059 0.86243901293968616706 0.00000000099999999995 
0.02427460535809514847 0.00000000099999999997 0.17196649062113461559 0.80375890202077016067 0.00000000099999999997 
0.01514854776806120844 0.00000000099999999996 0.15089298947293044995 0.83395846075900825767 0.00000000099999999996 
0.02376501828066221803 0.00000000099999999997 0.16384157875709146057 0.81239340096224632592 0.00000000099999999997 
0.00950035892598194258 0.00000000099999999996 0.15759609787069939202 0.83290354120331866472 0.00000000099999999996 
0.01416825133679962441 0.00000000099999999997 0.16391582078068325790 0.82191592588251716212 0.00000000099999999997 
0.00670720727781422537 0.00012692650442371157 0.14454248979159528554 0.84862337542616661512 0.00000000100000000000 
0.01703220899860785620 0.00000000099999999997 0.13196404384078794236 0.85100374516060417474 0.00000000099999999997 
0.02314550913605982474 0.00000000099999999996 0.18841419762851471797 0.78844029123542536119 0.00000000099999999996 
0.01286030023467784993 0.00000000099999999997 0.17319476003751052562 0.81394493772781162377 0.00000000099999999997 
0.00785165932118546059 0.00000000099999999996 0.16423953034465826883 0.82790880833415625428 0.00000000099999999996 
0.01105676529487908781 0.00000000099999999996 0.15379366274974107243 0.83514956995537981133 0.00000000099999999996 
0.02140129992559721209 0.00000000099999999996 0.18348100983868173564 0.79511768823572104292 0.00000000099999999996 
0.01815430645208665830 0.00000000099999999996 0.18634711327136546655 0.79549857827654790743 0.00000000099999999996 
0.01364002941668747068 0.00000000099999999997 0.15896340186932253480 0.82739656671399008925 0.00000000099999999997 
0.01106426478331489806 0.00000000099999999996 0.15978869366178363731 0.82914703955490154375 0.00000000099999999996 
0.01432034534563404390 0.00000000099999999997 0.18145310948003645635 0.80422654317432951121 0.00000000099999999997 
0.01933809219439344002 0.00000000099999999996 0.14380055151068821262 0.83686135429491825821 0.00000000099999999996 
0.01542397659951916591 0.00000000099999999996 0.17031735407382098124 0.81425866732665985737 0.00000000099999999996 
0.01064309587376739523 0.00000000099999999996 0.16945922798990004088 0.81989767413633252158 0.00000000099999999996 
0.01387280924839863309 0.00000000099999999995 0.14378094995104692688 0.84234623880055448097 0.00000000099999999995 
0.02417692676882835651 0.00000000099999999995 0.16998624475253729105 0.80583682647863441595 0.00000000099999999995 
0.02104535696666611291 0.00000000099999999996 0.14653718100608459363 0.83241746002724925635 0.00000000099999999996 
0.02157988828631305159 0.00000000099999999996 0.16305795952962190420 0.81536215018406499322 0.00000000099999999996 
0.01822606612162782150 0.00000000099999999996 0.16228730600047822086 0.81948662587789389278 0.00000000099999999996 
0.01505320311927054767 0.00000000099999999996 0.16254746719268703403 0.82239932768804246965 0.00000000099999999996 
0.02728198836776685871 0.00000000099999999996 0.15881281544848244169 0.81390519418375062433 0.00000000099999999996 
0.01845400083483805104 0.00000000099999999995 0.16434425874700031578 0.81720173841816157179 0.00000000099999999995 
0.01986485635493538682 0.00000000099999999996 0.16860857752571636881 0.81152656411934820380 0.00000000099999999996 
0.02332378156785045592 0.00000000099999999996 0.17201613406263607797 0.80466008236951347410 0.00000000099999999996 
0.02309731662566275739 0.00000000099999999996 0.14465489812301876582 0.83224778325131831824 0.00000000099999999996 
0.01911645899597940249 0.00000000099999999996 0.14312200849078643428 0.83776153051323420939 0.00000000099999999996 
0.02665364913297570831 0.00000000099999999996 0.16511480723959900963 0.80823154162742527618 0.00000000099999999996 
0.02226287415568787079 0.00000000099999999996 0.15384497652404885426 0.82389214732026316845 0.00000000099999999996 
0.01602828252928624464 0.00000000099999999995 0.18459557667142278969 0.79937613879929081406 0.00000000099999999995 
0.02290306580691156210 0.00000000099999999995 0.15002964527677886686 0.82706728691630948536 0.00000000099999999995 
0.01844077771217161182 0.00000000099999999996 0.17076388230428479753 0.81079533798354364027 0.00000000099999999996 
0.01213985293687295554 0.00000000099999999995 0.13919560891744006681 0.84866453614568704289 0.00000000099999999995 
0.00826221472710183744 0.00000000099999999996 0.17207373251581120632 0.81966405075708692607 0.00000000099999999996 
0.01648751977208989458 0.00000000099999999996 0.12716449844917809830 0.85634797977873189367 0.00000000099999999996 
0.00760306070403111642 0.00000000099999999997 0.13888680933733338341 0.85351012795863545612 0.00000000099999999997 
0.01505626794996153643 0.00000000099999999996 0.12435419519223092633 0.86058953485780753656 0.00000000099999999996 
0.01345800899866483012 0.00000000099999999995 0.11576730835497750505 0.87077468064635765721 0.00000000099999999995 
0.00248932914762620182 0.00000000099999999995 0.12357380921128086060 0.87393685964109291131 0.00000000099999999995 
0.00856992652520180420 0.00000000099999999996 0.12327545315463436792 0.86815461832016382893 0.00000000099999999996 
0.00556286957785365188 0.00000000099999999995 0.11561358842505491118 0.87882353999709139636 0.00000000099999999995 
0.00329875734074593693 0.00000000099999999995 0.10346523126282541893 0.89323600939642855412 0.00000000099999999995 
0.01109487596919595670 0.00000000099999999996 0.12158866889345654183 0.86731645313734739844 0.00000000099999999996 
0.00858462364535229026 0.00000000099999999995 0.10433377394524884219 0.88708160040939876279 0.00000000099999999995 
0.01051319801356807686 0.00000000099999999996 0.14816298999413449189 0.84132380999229738894 0.00000000099999999996 
0.01551564469957007406 0.00000000099999999996 0.12552823155490613893 0.85895612174552371521 0.00000000099999999996 
0.01393665172307134020 0.01404776169139942792 0.13107682764971315126 0.84093875793581596145 0.00000000099999999999 
0.01103263700681412877 0.00000000099999999996 0.11974460965587072070 0.86922275133731519148 0.00000000099999999996 
0.01572339234985745821 0.00000000099999999996 0.10426709028585337546 0.88000951536428906330 0.00000000099999999996 
0.01444601416422590726 0.00000000099999999996 0.10464642675232788127 0.88090755708344614661 0.00000000099999999996 
0.00492753651865221898 0.00000000099999999995 0.11214770835780424330 0.88292475312354345984 0.00000000099999999995 
0.00154418487022823917 0.00000000099999999997 0.10399732202333246411 0.89445849110643937951 0.00000000099999999997 
0.01037034779027426815 0.00000000099999999995 0.11927352192225154637 0.87035612828747410674 0.00000000099999999995 
0.01018647362514223977 0.00000000099999999996 0.11275270717940931442 0.87706081719544848330 0.00000000099999999996 
0.00000000099999999992 0.00000000099999999992 0.00000000099999999992 0.99999999600000000211 0.00000000099999999992 
0.00000000099999999992 0.00000000099999999992 0.00000000099999999992 0.99999999599999989108 0.00000000099999999992 
0.00000000099999999992 0.00000000099999999992 0.00000000099999999992 0.99999999599999989108 0.00000000099999999992 
0.00000000099999999992 0.00000000099999999992 0.00000000099999999992 0.99999999599999989108 0.00000000099999999992 
0.00000000099999999991 0.00000000099999999991 0.00000000099999999991 0.99999999599999989108 0.00000000099999999991 
0.00000000099999999991 0.00000000099999999991 0.00000000099999999991 0.99999999599999989108 0.00000000099999999991 
0.00000000099999999991 0.00000000099999999991 0.00000000099999999991 0.99999999599999989108 0.00000000099999999991 
0.00000000099999999992 0.00000000099999999992 0.00000000099999999992 0.99999999599999989108 0.00000000099999999992 
0.00000000099999999991 0.00000000099999999991 0.00000000099999999991 0.99999999600000000211 0.00000000099999999991 
0.00000000099999999993 0.00000000099999999993 0.00000000099999999993 0.99999999599999989108 0.00000000099999999993 
0.00000000099999999994 0.00000000099999999994 0.00000000099999999994 0.99999999599999989108 0.00000000099999999994 
0.00000000099999999992 0.00000000099999999992 0.00000000099999999992 0.99999999600000000211 0.00000000099999999992 
0.00000000099999999991 0.00000000099999999991 0.00000000099999999991 0.99999999599999989108 0.00000000099999999991 
0.00000000099999999990 0.00000000099999999990 0.00000000099999999990 0.99999999599999989108 0.00000000099999999990 
0.00000000099999999991 0.00000000099999999991 0.00000000099999999991 0.99999999600000000211 0.00000000099999999991 
0.00000000099999999990 0.00000000099999999990 0.00000000099999999990 0.99999999600000000211 0.00000000099999999990 
0.00000000099999999991 0.00000000099999999991 0.00000000099999999991 0.99999999599999989108 0.00000000099999999991 
0.00000000099999999990 0.00000000099999999990 0.00000000099999999990 0.99999999600000000211 0.00000000099999999990 
0.00000000099999999994 0.00000000099999999994 0.00000000099999999994 0.99999999600000000211 0.00000000099999999994 
0.00000000099999999991 0.00000000099999999991 0.00000000099999999991 0.99999999599999989108 0.00000000099999999991 
0.00897633522429611488 0.00000000099999999997 0.18622001477230315514 0.80480364800340076226 0.00000000099999999997 
0.02044808586492500094 0.00000000099999999996 0.20049227988540296863 0.77905963224967211822 0.00000000099999999996 
0.01569633306665206215 0.00000000099999999997 0.18799108806420886109 0.79631257686913903271 0.00000000099999999997 
0.01784818209719861437 0.00000000099999999997 0.14868257085066108325 0.83346924505214015078 0.00000000099999999997 
0.00992055423672899908 0.00000000099999999997 0.17780188544085132052 0.81227755832241965717 0.00000000099999999997 
0.02241458620619811090 0.00000000099999999998 0.20003805322505693876 0.77754735856874479527 0.00000000099999999998 
0.01819177085457357804 0.00000000099999999997 0.16907557778807691395 0.81273264935734956804 0.00000000099999999997 
0.01787563423843447838 0.00000000099999999999 0.20318475351277159868 0.77893961024879387889 0.00000000099999999999 
0.01018301150419039826 0.00000000099999999997 0.20564391386900693348 0.78417307262680258084 0.00000000099999999997 
0.01531343608805847342 0.00000000099999999997 0.18633067525575799928 0.79835588665618339999 0.00000000099999999997 
0.99999999600000000211 0.00000000099999999981 0.00000000099999999981 0.00000000099999999981 0.00000000099999999981 
0.99999999600000011313 0.00000000099999999978 0.00000000099999999978 0.00000000099999999978 0.00000000099999999978 
0.99999999600000000211 0.00000000099999999981 0.00000000099999999981 0.00000000099999999981 0.00000000099999999981 
0.99999999600000000211 0.00000000099999999979 0.00000000099999999979 0.00000000099999999979 0.00000000099999999979 
0.99999999600000011313 0.00000000099999999977 0.00000000099999999977 0.00000000099999999977 0.00000000099999999977 
0.99999999600000000211 0.00000000099999999974 0.00000000099999999974 0.00000000099999999974 0.00000000099999999974 
0.99999999600000011313 0.00000000099999999978 0.00000000099999999978 0.00000000099999999978 0.00000000099999999978 
0.99999999600000011313 0.00000000099999999981 0.00000000099999999981 0.00000000099999999981 0.00000000099999999981 
0.99999999600000011313 0.00000000099999999976 0.00000000099999999976 0.00000000099999999976 0.00000000099999999976 
0.99999999600000000211 0.00000000099999999980 0.00000000099999999980 0.00000000099999999980 0.00000000099999999980 
0.99999999600000011313 0.00000000099999999977 0.00000000099999999977 0.00000000099999999977 0.00000000099999999977 
0.99999999600000011313 0.00000000099999999975 0.00000000099999999975 0.00000000099999999975 0.00000000099999999975 
0.99999999600000000211 0.00000000099999999978 0.00000000099999999978 0.00000000099999999978 0.00000000099999999978 
0.99999999600000000211 0.00000000099999999978 0.00000000099999999978 0.00000000099999999978 0.00000000099999999978 
0.99999999600000000211 0.00000000099999999978 0.00000000099999999978 0.00000000099999999978 0.00000000099999999978 
0.99999999600000011313 0.00000000099999999975 0.00000000099999999975 0.00000000099999999975 0.00000000099999999975 
0.99999999600000000211 0.00000000099999999981 0.00000000099999999981 0.00000000099999999981 0.00000000099999999981 
0.99999999600000000211 0.00000000099999999983 0.00000000099999999983 0.00000000099999999983 0.00000000099999999983 
0.99999999600000000211 0.00000000099999999981 0.00000000099999999981 0.00000000099999999981 0.00000000099999999981 
0.99999999600000000211 0.00000000099999999977 0.00000000099999999977 0.00000000099999999977 0.00000000099999999977 
0.00000000099999999983 0.99998381348564424620 0.00000000099999999983 0.00000000099999999983 0.00001618351435594272 
0.00000000099999999982 0.99776142159546798993 0.00000000099999999982 0.00000000099999999982 0.00223857540453204547 
0.00000000099999999983 0.99826146368855350755 0.00000000099999999983 0.00000000099999999983 0.00173853331144670394 
0.00000000099999999983 0.98630579853445055072 0.00000000099999999983 0.00000000099999999983 0.01369419846554962954 
0.00000000099999999981 0.98736161409832290392 0.00000000099999999981 0.00000000099999999981 0.01263838290167729195 
0.00000000099999999982 0.99999999600000000211 0.00000000099999999982 0.00000000099999999982 0.00000000099999999982 
0.00000000099999999985 0.99635456389547716327 0.00000000099999999985 0.00000000099999999985 0.00364543310452287951 
0.00000000099999999984 0.99999999600000000211 0.00000000099999999984 0.00000000099999999984 0.00000000099999999984 
0.00000000099999999981 0.99999999600000000211 0.00000000099999999981 0.00000000099999999981 0.00000000099999999981 
0.00000000099999999982 0.99233536785456999407 0.00000000099999999982 0.00000000099999999982 0.00766462914543020180 
0.00000000099999999982 0.98965892648087283590 0.00000000099999999982 0.00000000099999999982 0.01034107051912723160 
0.00000000099999999983 0.99516756063128541943 0.00000000099999999983 0.00000000099999999983 0.00483243636871462899 
0.00000000099999999981 0.99999999600000011313 0.00000000099999999981 0.00000000099999999981 0.00000000099999999981 
0.00000000099999999982 0.99999999600000000211 0.00000000099999999982 0.00000000099999999982 0.00000000099999999982 
0.00000000099999999988 0.99999999600000000211 0.00000000099999999988 0.00000000099999999988 0.00000000099999999988 
0.00000000099999999984 0.99999999600000000211 0.00000000099999999984 0.00000000099999999984 0.00000000099999999984 
0.00000000099999999983 0.99999999600000000211 0.00000000099999999983 0.00000000099999999983 0.00000000099999999983 
0.00000000099999999983 0.99999999600000000211 0.00000000099999999983 0.00000000099999999983 0.00000000099999999983 
0.00000000099999999982 0.99811467127984365710 0.00000000099999999982 0.00000000099999999982 0.00188532572015641148 
0.00000000099999999983 0.99999898807335452222 0.00000000099999999983 0.00000000099999999983 0.00000100892664568985 
0.00000000099999999986 0.99999801928660281281 0.00000000099999999986 0.00000000099999999986 0.00000197771339716173 
0.00000000099999999984 0.99991755838224161135 0.00000000099999999984 0.00000000099999999984 0.00008243861775847476 
0.00000000099999999983 0.99999999600000000211 0.00000000099999999983 0.00000000099999999983 0.00000000099999999983 
0.00000000099999999987 0.99999999600000011313 0.00000000099999999987 0.00000000099999999987 0.00000000099999999987 
0.00000000099999999986 0.99999999600000000211 0.00000000099999999986 0.00000000099999999986 0.00000000099999999986 
0.00000000099999999985 0.99999999600000000211 0.00000000099999999985 0.00000000099999999985 0.00000000099999999985 
0.00000000099999999992 0.99898525853320352397 0.00000000099999999992 0.00000000099999999992 0.00101473846679642709 
0.00000000099999999982 0.99999999600000000211 0.00000000099999999982 0.00000000099999999982 0.00000000099999999982 
0.00000000099999999992 0.99994732426175048090 0.00000000099999999992 0.00000000099999999992 0.00005267273824960916 
0.00000000099999999984 0.99727362160612342823 0.00000000099999999984 0.00000000099999999984 0.00272637539387663970 
0.00000000099999999986 0.99999613952021415564 0.00000000099999999986 0.00000000099999999986 0.00000385747978601836 
0.00000000099999999982 0.99999999600000011313 0.00000000099999999982 0.00000000099999999982 0.00000000099999999982 
0.00000000099999999986 0.99999949460790904521 0.00000000099999999986 0.00000000099999999986 0.00000050239209105669 
0.00000000099999999987 0.99938125694956347900 0.00000000099999999987 0.00000000099999999987 0.00061874005043647878 
0.00000000099999999992 0.99788586597118167365 0.00000000099999999992 0.00000000099999999992 0.00211413102881846714 
0.00000000099999999992 0.98190257510637435345 0.00000000099999999992 0.00000000099999999992 0.01809742189362564466 
0.00000000099999999985 0.99999996860671547250 0.00000000099999999985 0.00000000099999999985 0.00000002839328466170 
0.00000000099999999985 0.99755124303989783918 0.00000000099999999985 0.00000000099999999985 0.00244875396010222224 
0.00000000099999999988 0.98729314248054023118 0.00000000099999999988 0.00000000099999999988 0.01270685451945989530 
0.00000000099999999983 0.99999999600000011313 0.00000000099999999983 0.00000000099999999983 0.00000000099999999983 
0.00000000099999999984 0.96952211565496138057 0.00000000099999999984 0.00000000099999999984 0.03047788134503863836 
0.00000000099999999985 0.97158050614475499618 0.00000000099999999985 0.00000000099999999985 0.02841949085524498111 
0.00000000099999999987 0.96372342002219524293 0.00000000099999999987 0.00000000099999999987 0.03627657697780491824 
0.00000000099999999985 0.98998164309950753559 0.00000000099999999985 0.00000000099999999985 0.01001835390049249548 
0.00000000099999999986 0.95984781918290695835 0.00000000099999999986 0.00000000099999999986 0.04015217781709302936 
0.00000000099999999984 0.96907859072492652519 0.00000000099999999984 0.00000000099999999984 0.03092140627507368456 
0.00000000099999999987 0.96002586353450347634 0.00000000099999999987 0.00000000099999999987 0.03997413346549659463 
0.00000000099999999985 0.95910910682173589059 0.00000000099999999985 0.00000000099999999985 0.04089089017826415956 
0.00000000099999999986 0.94066546170479292677 0.00000000099999999986 0.00000000099999999986 0.05933453529520704012 
0.00000000099999999988 0.92127388736670934311 0.00000000099999999988 0.00000000099999999988 0.07872610963329070011 
0.00000000099999999987 0.93958478070743212118 0.00000000099999999987 0.00000000099999999987 0.06041521629256794285 
0.00000000099999999990 0.95862097829984893593 0.00000000099999999990 0.00000000099999999990 0.04137901870015125300 
0.00000000099999999985 0.92089455144157728039 0.00000000099999999985 0.00000000099999999985 0.07910544555842284609 
0.00000000099999999988 0.91431916407517932477 0.00000000099999999988 0.00000000099999999988 0.08568083292482076008 
0.00000000099999999986 0.93671355827387536852 0.00000000099999999986 0.00000000099999999986 0.06328643872612481347 
0.00000000099999999989 0.92690306425701995963 0.00000000099999999989 0.00000000099999999989 0.07309693274298001420 
0.00000000099999999987 0.93742060283174466484 0.00000000099999999987 0.00000000099999999987 0.06257939416825535062 
0.00000000099999999985 0.92751356317571798105 0.00000000099999999985 0.00000000099999999985 0.07248643382428204829 
0.00000000099999999996 0.93354266264529861541 0.00000000099999999996 0.00000000099999999996 0.06645733435470146944 
0.00000000099999999995 0.91004452098368271429 0.00000000099999999995 0.00000000099999999995 0.08995547601631741219 
0.00000000099999999988 0.00000000099999999988 0.99999999600000000211 0.00000000099999999988 0.00000000099999999988 
0.00000000099999999992 0.00000000099999999992 0.99999999600000000211 0.00000000099999999992 0.00000000099999999992 
0.00000000099999999991 0.00000000099999999991 0.99999999599999989108 0.00000000099999999991 0.00000000099999999991 
0.00000000099999999992 0.00000000099999999992 0.99999999600000000211 0.00000000099999999992 0.00000000099999999992 
0.00000000099999999989 0.00000000099999999989 0.99999999599999989108 0.00000000099999999989 0.00000000099999999989 
0.00000000099999999990 0.00000000099999999990 0.99999999599999989108 0.00000000099999999990 0.00000000099999999990 
0.00000000099999999990 0.00000000099999999990 0.99999999599999989108 0.00000000099999999990 0.00000000099999999990 
0.00000000099999999988 0.00000000099999999988 0.99999999599999989108 0.00000000099999999988 0.00000000099999999988 
0.00000000099999999988 0.00000000099999999988 0.99999999599999989108 0.00000000099999999988 0.00000000099999999988 
0.00000000099999999989 0.00000000099999999989 0.99999999600000000211 0.00000000099999999989 0.00000000099999999989 
0.00000000099999999989 0.00000000099999999989 0.99999999599999989108 0.00000000099999999989 0.00000000099999999989 
0.00000000099999999993 0.00000000099999999993 0.99999999600000000211 0.00000000099999999993 0.00000000099999999993 
0.00000000099999999991 0.00000000099999999991 0.99999999599999989108 0.00000000099999999991 0.00000000099999999991 
0.00000000099999999990 0.00000000099999999990 0.99999999600000000211 0.00000000099999999990 0.00000000099999999990 
0.00000000099999999990 0.00000000099999999990 0.99999999599999989108 0.00000000099999999990 0.00000000099999999990 
0.00000000099999999990 0.00000000099999999990 0.99999999599999989108 0.00000000099999999990 0.00000000099999999990 
0.00000000099999999988 0.00000000099999999988 0.99999999599999989108 0.00000000099999999988 0.00000000099999999988 
