0.03107672710383138984 0.00000000099999999990 0.00000000099999999990 0.00000000099999999990 0.00000000099999999990 0.96892326689616858904 0.00000000099999999990 0.00000000099999999990 
0.02742266495703755969 0.00000000099999999991 0.00000000099999999991 0.00000000099999999991 0.00000000099999999991 0.97257732904296245735 0.00000000099999999991 0.00000000099999999991 
0.03764528589801328234 0.00000000099999999990 0.00000000099999999990 0.00000000099999999990 0.00000000099999999990 0.96235470810198675551 0.00000000099999999990 0.00000000099999999990 
0.05809630310003878473 0.00000000099999999997 0.00000000099999999997 0.00000000099999999997 0.00000000099999999997 0.94190369089996128782 0.00000000099999999997 0.00000000099999999997 
0.01325156003257588547 0.00000000099999999987 0.00000000099999999987 0.00000000099999999987 0.00000000099999999987 0.98674843396742406565 0.00000000099999999987 0.00000000099999999987 
0.06765122356627310818 0.00000000099999999997 0.00000000099999999997 0.00000000099999999997 0.00000000099999999997 0.93234877043372677008 0.00000000099999999997 0.00000000099999999997 
0.05824088451366083580 0.00000000099999999998 0.00000000099999999998 0.00234839995091446581 0.00000000099999999998 0.93941071016205512922 0.00000000099999999998 0.00000000137336961221 
0.99999999300000008695 0.00000000099999999987 0.00000000099999999987 0.00000000099999999987 0.00000000099999999987 0.00000000099999999987 0.00000000099999999987 0.00000000099999999987 
0.99999999300000008695 0.00000000099999999989 0.00000000099999999989 0.00000000099999999989 0.00000000099999999989 0.00000000099999999989 0.00000000099999999989 0.00000000099999999989 
0.99999999300000019797 0.00000000099999999989 0.00000000099999999989 0.00000000099999999989 0.00000000099999999989 0.00000000099999999989 0.00000000099999999989 0.00000000099999999989 
0.99999999300000019797 0.00000000099999999988 0.00000000099999999988 0.00000000099999999988 0.00000000099999999988 0.00000000099999999988 0.00000000099999999988 0.00000000099999999988 
0.99999999300000008695 0.00000000099999999988 0.00000000099999999988 0.00000000099999999988 0.00000000099999999988 0.00000000099999999988 0.00000000099999999988 0.00000000099999999988 
0.99999999300000008695 0.00000000099999999989 0.00000000099999999989 0.00000000099999999989 0.00000000099999999989 0.00000000099999999989 0.00000000099999999989 0.00000000099999999989 
0.99999999300000019797 0.00000000099999999990 0.00000000099999999990 0.00000000099999999990 0.00000000099999999990 0.00000000099999999990 0.00000000099999999990 0.00000000099999999990 
0.99999999300000019797 0.00000000099999999989 0.00000000099999999989 0.00000000099999999989 0.00000000099999999989 0.00000000099999999989 0.00000000099999999989 0.00000000099999999989 
0.99999999300000008695 0.00000000099999999986 0.00000000099999999986 0.00000000099999999986 0.00000000099999999986 0.00000000099999999986 0.00000000099999999986 0.00000000099999999986 
0.99999999300000008695 0.00000000099999999991 0.00000000099999999991 0.00000000099999999991 0.00000000099999999991 0.00000000099999999991 0.00000000099999999991 0.00000000099999999991 
0.99999999300000008695 0.00000000099999999989 0.00000000099999999989 0.00000000099999999989 0.00000000099999999989 0.00000000099999999989 0.00000000099999999989 0.00000000099999999989 
0.99999999300000019797 0.00000000099999999989 0.00000000099999999989 0.00000000099999999989 0.00000000099999999989 0.00000000099999999989 0.00000000099999999989 0.00000000099999999989 
0.99999999300000008695 0.00000000099999999986 0.00000000099999999986 0.00000000099999999986 0.00000000099999999986 0.00000000099999999986 0.00000000099999999986 0.00000000099999999986 
0.99999999300000019797 0.00000000099999999991 0.00000000099999999991 0.00000000099999999991 0.00000000099999999991 0.00000000099999999991 0.00000000099999999991 0.00000000099999999991 
0.99999999300000008695 0.00000000099999999988 0.00000000099999999988 0.00000000099999999988 0.00000000099999999988 0.00000000099999999988 0.00000000099999999988 0.00000000099999999988 
0.99999999300000008695 0.00000000099999999990 0.00000000099999999990 0.00000000099999999990 0.00000000099999999990 0.00000000099999999990 0.00000000099999999990 0.00000000099999999990 
0.99999999300000019797 0.00000000099999999990 0.00000000099999999990 0.00000000099999999990 0.00000000099999999990 0.00000000099999999990 0.00000000099999999990 0.00000000099999999990 
0.99999999300000019797 0.00000000099999999987 0.00000000099999999987 0.00000000099999999987 0.00000000099999999987 0.00000000099999999987 0.00000000099999999987 0.00000000099999999987 
0.99999999300000008695 0.00000000099999999988 0.00000000099999999988 0.00000000099999999988 0.00000000099999999988 0.00000000099999999988 0.00000000099999999988 0.00000000099999999988 
0.99999999300000008695 0.00000000099999999992 0.00000000099999999992 0.00000000099999999992 0.00000000099999999992 0.00000000099999999992 0.00000000099999999992 0.00000000099999999992 
0.18858243784634348694 0.00000000099999999995 0.00000000099999999995 0.00463550833290046760 0.14169395394643641284 0.62559537124338271408 0.02980846421508282981 0.00968426241585402213 
0.22551110032515303550 0.00000000099999999996 0.00000000099999999996 0.00000000099999999996 0.13544551948543573361 0.62713761870320083869 0.00447164949872593670 0.00743410898748453688 
0.21314079214621722835 0.00000000099999999996 0.00000000099999999996 0.00042035005037415905 0.11877042603907531082 0.63259676026359001888 0.01966784548904118926 0.01540382401170221557 
0.19404230057767568596 0.00000000099999999995 0.00000000099999999995 0.00458823838761688186 0.10935606747306637898 0.66019973428097422641 0.02747480144953828168 0.00433885583112858433 
0.21624110442651858777 0.00000000099999999995 0.00000000099999999995 0.01219098021537746990 0.13965506326293825046 0.63109767492066948247 0.00080474455498505220 0.00001043061951117235 
0.21377326568046073341 0.00000000099999999995 0.00000000099999999995 0.00340890237070574052 0.11808835272497578139 0.65390295592366354249 0.00000000099999999995 0.01082652030019425927 
0.24369354518756267125 0.00000000099999999996 0.00000000099999999996 0.00415961569070496563 0.11737540142815693078 0.60586341513601904563 0.01824324654132325821 0.01066477401623307404 
0.23934987801210944047 0.00000000099999999996 0.00000000099999999996 0.00671025608216152623 0.13176334400831815619 0.61587890261271827086 0.00105146990803638369 0.00524614737665618155 
0.22185372565955255308 0.00000000099999999996 0.00000000099999999996 0.00000000099999999996 0.12692836164954648948 0.62955450252673927913 0.01846472168074430112 0.00319868548341745032 
0.22754454218468272986 0.00000000099999999995 0.00000000099999999995 0.00000000099999999995 0.11386004087499662640 0.64082218243029887006 0.00972386223648490436 0.00804936927353689866 
0.25244525975787390770 0.00000000099999999998 0.00000000099999999998 0.00626279177855112480 0.11808651635934311330 0.60069286078978012533 0.01728181016393190439 0.00523075915051982813 
0.23931483127244115860 0.00000000099999999997 0.00000000099999999997 0.00172166038041864956 0.15894759303012137575 0.59955415649309695691 0.00000072629449716457 0.00046103052942464011 
0.18458241558600721466 0.00000000099999999996 0.00000000099999999996 0.00565176704519465556 0.13782349987516975820 0.65335514648411752159 0.01309556167760233918 0.00549160733190855437 
0.24314146629652791387 0.00000000099999999996 0.00000000099999999996 0.00664635716100816197 0.14191178719738600789 0.58136961167836287423 0.02693077292383768903 0.00000000274287743520 
0.22572915171238674970 0.00000000099999999997 0.00000000099999999997 0.00770520820818474794 0.13744044531688812127 0.61100754308387117408 0.01052510016870479917 0.00759254950996436900 
0.21565711913246371489 0.00000000099999999996 0.00000000099999999996 0.00981469645968016495 0.12320723794453554423 0.62236592831533132930 0.02352394330433740105 0.00543107284365179546 
0.21342318444258379095 0.00000000099999999996 0.00000000099999999996 0.00000000099999999996 0.13024608939810128350 0.64474503728112209089 0.00811463223549830845 0.00347105364269438294 
0.23576619627161635173 0.00000000099999999996 0.00000000099999999996 0.00184884805122309016 0.12713828580268124457 0.59358444827388534559 0.02982536599379672498 0.01183685360679719370 
0.19956403163244512688 0.00000000099999999997 0.00000000099999999997 0.00655852045479825545 0.13054937549686865261 0.62043734728010413448 0.02783127345695650054 0.01505944967882746725 
0.27663752409858377579 0.00000000099999999995 0.00000000099999999995 0.00000212142122439543 0.12822512787937759282 0.58056825338276829562 0.00540859937775811303 0.00915837184028782912 
0.00000000099999999976 0.00000000099999999976 0.00000000099999999976 0.99999999299999997593 0.00000000099999999976 0.00000000099999999976 0.00000000099999999976 0.00000000099999999976 
0.00000000099999999970 0.00000000099999999970 0.00000000099999999970 0.99999999300000008695 0.00000000099999999970 0.00000000099999999970 0.00000000099999999970 0.00000000099999999970 
0.00000000099999999960 0.00000000099999999960 0.00000000099999999960 0.99999999299999997593 0.00000000099999999960 0.00000000099999999960 0.00000000099999999960 0.00000000099999999960 
0.00000000099999999999 0.01928829178139946157 0.00000126172769806354 0.95486123764191943586 0.00000000099999999999 0.02584920484898299217 0.00000000099999999999 0.00000000099999999999 
0.00000000099999999970 0.00000000099999999970 0.00000000099999999970 0.99999999300000008695 0.00000000099999999970 0.00000000099999999970 0.00000000099999999970 0.00000000099999999970 
0.00000000099999999968 0.00000000099999999968 0.00000000099999999968 0.99999999299999997593 0.00000000099999999968 0.00000000099999999968 0.00000000099999999968 0.00000000099999999968 
0.00000000099999999982 0.00000000099999999982 0.00000000099999999982 0.99999999299999997593 0.00000000099999999982 0.00000000099999999982 0.00000000099999999982 0.00000000099999999982 
0.03124022257584729498 0.00718600565662455646 0.00000000100000000000 0.79055007563069346066 0.01033308584661158866 0.10075347398984793590 0.05993713430037513057 0.00000000100000000000 
0.00000000099999999972 0.00000000099999999972 0.00000000099999999972 0.99999999299999997593 0.00000000099999999972 0.00000000099999999972 0.00000000099999999972 0.00000000099999999972 
0.00000000099999999988 0.00000000099999999988 0.00000000099999999988 0.99999999299999997593 0.00000000099999999988 0.00000000099999999988 0.00000000099999999988 0.00000000099999999988 
0.00000000099999999974 0.00000000099999999974 0.00000000099999999974 0.99999999299999997593 0.00000000099999999974 0.00000000099999999974 0.00000000099999999974 0.00000000099999999974 
0.00000000099999999999 0.00000000161784315465 0.00000000099999999999 0.99999985913512690061 0.00000000099999999999 0.00000013424703001625 0.00000000099999999999 0.00000000099999999999 
0.00000000099999999970 0.00000000099999999970 0.00000000099999999970 0.99999999299999997593 0.00000000099999999970 0.00000000099999999970 0.00000000099999999970 0.00000000099999999970 
0.00000000099999999962 0.00000000099999999962 0.00000000099999999962 0.99999999300000008695 0.00000000099999999962 0.00000000099999999962 0.00000000099999999962 0.00000000099999999962 
0.00000000099999999959 0.00000000099999999959 0.00000000099999999959 0.99999999299999997593 0.00000000099999999959 0.00000000099999999959 0.00000000099999999959 0.00000000099999999959 
0.00000000099999999965 0.00000000099999999965 0.00000000099999999965 0.99999999299999997593 0.00000000099999999965 0.00000000099999999965 0.00000000099999999965 0.00000000099999999965 
0.00000000099999999962 0.00000000099999999962 0.00000000099999999962 0.99999999300000008695 0.00000000099999999962 0.00000000099999999962 0.00000000099999999962 0.00000000099999999962 
0.00000000099999999961 0.00000000099999999961 0.00000000099999999961 0.99999999299999997593 0.00000000099999999961 0.00000000099999999961 0.00000000099999999961 0.00000000099999999961 
0.00000000099999999959 0.00000000099999999959 0.00000000099999999959 0.99999999299999997593 0.00000000099999999959 0.00000000099999999959 0.00000000099999999959 0.00000000099999999959 
0.00000000099999999955 0.00000000099999999955 0.00000000099999999955 0.99999999300000008695 0.00000000099999999955 0.00000000099999999955 0.00000000099999999955 0.00000000099999999955 
0.00000000099999999957 0.00000000099999999957 0.00000000099999999957 0.99999999299999997593 0.00000000099999999957 0.00000000099999999957 0.00000000099999999957 0.00000000099999999957 
0.00000000099999999960 0.00000000099999999960 0.00000000099999999960 0.99999999300000008695 0.00000000099999999960 0.00000000099999999960 0.00000000099999999960 0.00000000099999999960 
0.00000000099999999957 0.00000000099999999957 0.00000000099999999957 0.99999999300000008695 0.00000000099999999957 0.00000000099999999957 0.00000000099999999957 0.00000000099999999957 
0.00000000099999999958 0.00000000099999999958 0.00000000099999999958 0.99999999299999997593 0.00000000099999999958 0.00000000099999999958 0.00000000099999999958 0.00000000099999999958 
0.00000000099999999962 0.00000000099999999962 0.00000000099999999962 0.99999999300000008695 0.00000000099999999962 0.00000000099999999962 0.00000000099999999962 0.00000000099999999962 
0.00000000099999999963 0.00000000099999999963 0.00000000099999999963 0.99999999300000008695 0.00000000099999999963 0.00000000099999999963 0.00000000099999999963 0.00000000099999999963 
0.00000000099999999960 0.00000000099999999960 0.00000000099999999960 0.99999999300000008695 0.00000000099999999960 0.00000000099999999960 0.00000000099999999960 0.00000000099999999960 
0.00000000099999999975 0.99999999300000019797 0.00000000099999999975 0.00000000099999999975 0.00000000099999999975 0.00000000099999999975 0.00000000099999999975 0.00000000099999999975 
0.00000000099999999974 0.99999999300000019797 0.00000000099999999974 0.00000000099999999974 0.00000000099999999974 0.00000000099999999974 0.00000000099999999974 0.00000000099999999974 
0.00000000099999999977 0.99448687186527739978 0.00551312213472270225 0.00000000099999999977 0.00000000099999999977 0.00000000099999999977 0.00000000099999999977 0.00000000099999999977 
0.00000000099999999978 0.99951314012743008863 0.00048685188356758195 0.00000000298900253164 0.00000000099999999978 0.00000000099999999978 0.00000000099999999978 0.00000000099999999978 
0.00000000099999999991 0.99452416012484579078 0.00547583387515418636 0.00000000099999999991 0.00000000099999999991 0.00000000099999999991 0.00000000099999999991 0.00000000099999999991 
0.00000000099999999983 0.99999999300000019797 0.00000000099999999983 0.00000000099999999983 0.00000000099999999983 0.00000000099999999983 0.00000000099999999983 0.00000000099999999983 
0.00000000099999999977 0.99999999300000008695 0.00000000099999999977 0.00000000099999999977 0.00000000099999999977 0.00000000099999999977 0.00000000099999999977 0.00000000099999999977 
0.00000000099999999976 0.99999999300000019797 0.00000000099999999976 0.00000000099999999976 0.00000000099999999976 0.00000000099999999976 0.00000000099999999976 0.00000000099999999976 
0.00000000099999999976 0.99999999300000019797 0.00000000099999999976 0.00000000099999999976 0.00000000099999999976 0.00000000099999999976 0.00000000099999999976 0.00000000099999999976 
0.00000000099999999978 0.99985882212887622345 0.00000000362313288399 0.00014116924799088772 0.00000000099999999978 0.00000000099999999978 0.00000000099999999978 0.00000000099999999978 
0.00000000099999999981 0.98443387784035729648 0.00119198691636454818 0.01437413024327832516 0.00000000099999999981 0.00000000099999999981 0.00000000099999999981 0.00000000099999999981 
0.00000000099999999976 0.98299268856547161732 0.01700730543452854890 0.00000000099999999976 0.00000000099999999976 0.00000000099999999976 0.00000000099999999976 0.00000000099999999976 
0.00000000099999999974 0.99999999300000008695 0.00000000099999999974 0.00000000099999999974 0.00000000099999999974 0.00000000099999999974 0.00000000099999999974 0.00000000099999999974 
0.00000000099999999974 0.99999999300000008695 0.00000000099999999974 0.00000000099999999974 0.00000000099999999974 0.00000000099999999974 0.00000000099999999974 0.00000000099999999974 
0.00000000099999999975 0.99537467282701663773 0.00462532117298341747 0.00000000099999999975 0.00000000099999999975 0.00000000099999999975 0.00000000099999999975 0.00000000099999999975 
0.00000000099999999988 0.99999316271957328084 0.00000411369641098666 0.00000271858401567441 0.00000000099999999988 0.00000000099999999988 0.00000000099999999988 0.00000000099999999988 
0.00000000099999999981 0.99999999300000008695 0.00000000099999999981 0.00000000099999999981 0.00000000099999999981 0.00000000099999999981 0.00000000099999999981 0.00000000099999999981 
0.00000000099999999976 0.99999999300000019797 0.00000000099999999976 0.00000000099999999976 0.00000000099999999976 0.00000000099999999976 0.00000000099999999976 0.00000000099999999976 
0.00000000099999999973 0.99999999300000019797 0.00000000099999999973 0.00000000099999999973 0.00000000099999999973 0.00000000099999999973 0.00000000099999999973 0.00000000099999999973 
0.00000000099999999977 0.99999999300000019797 0.00000000099999999977 0.00000000099999999977 0.00000000099999999977 0.00000000099999999977 0.00000000099999999977 0.00000000099999999977 
0.00000000099999999974 0.98403706265303725331 0.01596293134696279842 0.00000000099999999974 0.00000000099999999974 0.00000000099999999974 0.00000000099999999974 0.00000000099999999974 
0.00000000099999999979 0.99999664598533111182 0.00000334801466898016 0.00000000099999999979 0.00000000099999999979 0.00000000099999999979 0.00000000099999999979 0.00000000099999999979 
0.00000000099999999975 0.99999999300000008695 0.00000000099999999975 0.00000000099999999975 0.00000000099999999975 0.00000000099999999975 0.00000000099999999975 0.00000000099999999975 
0.00000000099999999974 0.99999281959079133753 0.00000717440920884247 0.00000000099999999974 0.00000000099999999974 0.00000000099999999974 0.00000000099999999974 0.00000000099999999974 
0.00000000099999999972 0.99999999300000008695 0.00000000099999999972 0.00000000099999999972 0.00000000099999999972 0.00000000099999999972 0.00000000099999999972 0.00000000099999999972 
0.00000000099999999977 0.99999999300000008695 0.00000000099999999977 0.00000000099999999977 0.00000000099999999977 0.00000000099999999977 0.00000000099999999977 0.00000000099999999977 
0.00000000099999999992 0.99999910954453330447 0.00000088445546675293 0.00000000099999999992 0.00000000099999999992 0.00000000099999999992 0.00000000099999999992 0.00000000099999999992 
0.00000000099999999983 0.99999999300000008695 0.00000000099999999983 0.00000000099999999983 0.00000000099999999983 0.00000000099999999983 0.00000000099999999983 0.00000000099999999983 
0.00000000099999999975 0.99999999300000008695 0.00000000099999999975 0.00000000099999999975 0.00000000099999999975 0.00000000099999999975 0.00000000099999999975 0.00000000099999999975 
0.00000000099999999976 0.99999849554544784080 0.00000149845455228912 0.00000000099999999976 0.00000000099999999976 0.00000000099999999976 0.00000000099999999976 0.00000000099999999976 
0.00000000099999999975 0.99999999300000008695 0.00000000099999999975 0.00000000099999999975 0.00000000099999999975 0.00000000099999999975 0.00000000099999999975 0.00000000099999999975 
0.00000000099999999976 0.99999999300000019797 0.00000000099999999976 0.00000000099999999976 0.00000000099999999976 0.00000000099999999976 0.00000000099999999976 0.00000000099999999976 
0.00000000099999999977 0.99999999300000008695 0.00000000099999999977 0.00000000099999999977 0.00000000099999999977 0.00000000099999999977 0.00000000099999999977 0.00000000099999999977 
0.00000000099999999974 0.99999999300000019797 0.00000000099999999974 0.00000000099999999974 0.00000000099999999974 0.00000000099999999974 0.00000000099999999974 0.00000000099999999974 
0.00000000099999999980 0.99999999300000019797 0.00000000099999999980 0.00000000099999999980 0.00000000099999999980 0.00000000099999999980 0.00000000099999999980 0.00000000099999999980 
0.00000000099999999975 0.99999999300000019797 0.00000000099999999975 0.00000000099999999975 0.00000000099999999975 0.00000000099999999975 0.00000000099999999975 0.00000000099999999975 
0.00000000099999999974 0.99999999300000008695 0.00000000099999999974 0.00000000099999999974 0.00000000099999999974 0.00000000099999999974 0.00000000099999999974 0.00000000099999999974 
0.00000000099999999975 0.99999998668194900464 0.00000000731805100846 0.00000000099999999975 0.00000000099999999975 0.00000000099999999975 0.00000000099999999975 0.00000000099999999975 
0.00000000099999999989 0.98994427857426958717 0.01005571542573052528 0.00000000099999999989 0.00000000099999999989 0.00000000099999999989 0.00000000099999999989 0.00000000099999999989 
0.00000000099999999979 0.99992868797511280654 0.00007130602488743749 0.00000000099999999979 0.00000000099999999979 0.00000000099999999979 0.00000000099999999979 0.00000000099999999979 
0.00000000099999999973 0.99999999300000019797 0.00000000099999999973 0.00000000099999999973 0.00000000099999999973 0.00000000099999999973 0.00000000099999999973 0.00000000099999999973 
0.00000000099999999976 0.97668097412519072620 0.02331901987480923186 0.00000000099999999976 0.00000000099999999976 0.00000000099999999976 0.00000000099999999976 0.00000000099999999976 
0.00000000099999999975 0.99999999300000019797 0.00000000099999999975 0.00000000099999999975 0.00000000099999999975 0.00000000099999999975 0.00000000099999999975 0.00000000099999999975 
0.00000000099999999976 0.99999999300000008695 0.00000000099999999976 0.00000000099999999976 0.00000000099999999976 0.00000000099999999976 0.00000000099999999976 0.00000000099999999976 
0.00000000099999999975 0.99999997001244600447 0.00000002398755414027 0.00000000099999999975 0.00000000099999999975 0.00000000099999999975 0.00000000099999999975 0.00000000099999999975 
0.08820804803036366715 0.00000000099999999995 0.00000000099999999995 0.00000000099999999995 0.20348647688670906675 0.64076296994591552814 0.03785333712366622388 0.02968916501334549832 
0.08310068881205574798 0.00000000099999999994 0.00000000099999999994 0.00000000099999999994 0.23433052649281085889 0.61450234845978279896 0.04148062766524690526 0.02658580557010371825 
0.07404921701877834050 0.00000000099999999994 0.00000000099999999994 0.00000000099999999994 0.23530001187000387786 0.64422772164736619160 0.02508205430703638536 0.02134099215681509176 
0.06838211666137766764 0.00000000099999999996 0.00000000099999999996 0.00000000099999999996 0.21171020123213443731 0.64883088678389999604 0.05310249360529786800 0.01797429871729004647 
0.05259642530389076892 0.00000000099999999994 0.00000000099999999994 0.00000000099999999994 0.23547561939303482403 0.64884793225077197487 0.03787497612747739439 0.02520504392482492140 
0.02354986118877003612 0.00000000099999999996 0.00000000099999999996 0.00000000099999999996 0.20526308042266402931 0.66947803571878428119 0.07530229393889795175 0.02640672573088387667 
0.04298939039982767329 0.00000000099999999995 0.00000000099999999995 0.00000000099999999995 0.22232378840583486013 0.65909740016679718710 0.05313295446500542613 0.02245646356253477166 
0.05719885967665768595 0.00000000099999999996 0.00000000099999999996 0.00000000099999999996 0.22905054484414905103 0.63627409585659944202 0.05828324456455628855 0.01919325205803763118 
0.05781083147830301527 0.00000000099999999995 0.00000000099999999995 0.00000000099999999995 0.22601576052634372860 0.66109901750224786543 0.04338645707379899796 0.01168793041930635095 
0.05578535871135696655 0.00000000099999999996 0.00000000099999999996 0.00000000099999999996 0.22884472743592312871 0.65104558813910062831 0.04308771298046668030 0.02123660973315256301 
0.05720770447817674631 0.00000000099999999995 0.00000000099999999995 0.00000000099999999995 0.21551668830548181832 0.66414340511575420400 0.04127743825126825583 0.02185476084931894589 
0.07338899305617813118 0.00000000099999999997 0.00000000099999999997 0.00000000099999999997 0.21589798529149445416 0.65214379184890425289 0.03767306254272969473 0.02089616426069336452 
0.08420616656347199025 0.00000000099999999994 0.00000000099999999994 0.00000000099999999994 0.24132415303845891619 0.62131210715928719690 0.04957862453298722549 0.00357894570579460076 
0.05938172500208184490 0.00000000099999999994 0.00000000099999999994 0.00000000099999999994 0.23184079520462810842 0.64980124493267199526 0.04970072228522710855 0.00927550957539103119 
0.04483504641208961583 0.00000000099999999995 0.00000000099999999995 0.00000000099999999995 0.24628771813032360183 0.63016177696950403941 0.05180894100072667291 0.02690651448735609241 
0.04117414948509010020 0.00000000099999999994 0.00000000099999999994 0.00000000099999999994 0.25218330049016446370 0.64614029252046334406 0.04475260005879150987 0.01574965444549050742 
0.06464170301635081828 0.00000000099999999995 0.00000000099999999995 0.00000000099999999995 0.22227338234797763827 0.64555550711571341171 0.05409254103619467319 0.01343686348376349135 
0.04989282805911253449 0.00000000099999999994 0.00000000099999999994 0.00000000099999999994 0.24115603953742054122 0.63365121811415392461 0.05128521129599578759 0.02401469999331724489 
0.03521173807662587862 0.00000000099999999994 0.00000000099999999994 0.00000000099999999994 0.24998087495134557745 0.62098640701287044497 0.06630408784723142157 0.02751688911192667550 
0.04113203131670485624 0.00000000099999999996 0.00000000099999999996 0.00000000099999999996 0.24156172307746015537 0.65129589951647082202 0.05106165206048676741 0.01494869102887739706 
0.03162357177333936092 0.00000000099999999995 0.00000000099999999995 0.00000000099999999995 0.33206708515249500069 0.55020505922061568871 0.06659660691048828463 0.01950767394306175684 
0.04521776233589448746 0.00000000099999999995 0.00000000099999999995 0.00000000099999999995 0.33149160277323924673 0.56723788880202130613 0.03732955052345121594 0.01872319256539366206 
0.04258917174254930188 0.00000000099999999995 0.00000000099999999995 0.00000000099999999995 0.32765590117091542011 0.56129502483632531806 0.03150526447554316545 0.03695463477466690710 
0.04104960496606542553 0.00000000099999999995 0.00000000099999999995 0.00000000099999999995 0.34001036700968445547 0.56957474500048821398 0.02309571316969418961 0.02626956685406765107 
0.03443540111004847470 0.00000000099999999995 0.00000000099999999995 0.00000000099999999995 0.34203057251752744250 0.55357086158142387866 0.05001935220568037854 0.01994380958531991391 
0.04905556999271761670 0.00000000099999999994 0.00000000099999999994 0.00000000099999999994 0.33354126836054276417 0.56222122171628230447 0.03790198418521514845 0.01727995274524211228 
0.03406289583334769916 0.00000000099999999996 0.00000000099999999996 0.00000000099999999996 0.34204361331830507309 0.55408644156706543527 0.04485299479579179377 0.02495405148548992744 
0.02641595117835291925 0.00000000099999999996 0.00000000099999999996 0.00000000099999999996 0.34177735192423308597 0.56285060970102429589 0.04421696269784618216 0.02473912149854335524 
0.05180213458925427006 0.00000000099999999995 0.00000000099999999995 0.00000000099999999995 0.32335743209705702927 0.56429729841987541494 0.03660847512707894602 0.02393465676673430659 
0.04633171887011263562 0.00000000099999999994 0.00000000099999999994 0.00000000099999999994 0.33576056114520147489 0.56676258521072819807 0.03769356890380939906 0.01345156287014832343 
0.01598208197720156487 0.00000000099999999992 0.00000000099999999992 0.00000000099999999992 0.20145049633207651185 0.76708588360793261707 0.00826879883842559886 0.00721273624436357102 
0.01254298705666934827 0.00000000099999999993 0.00000000099999999993 0.00000000099999999993 0.20000554020281702261 0.75227007510858889816 0.01383534495159174579 0.02134604968033305267 
0.01132794970073272393 0.00000000099999999992 0.00000000099999999992 0.00000000099999999992 0.20568240137245333288 0.74964379263027491884 0.02022535632567250621 0.01312049697086664288 
0.00659369420761984903 0.00000000099999999994 0.00000000099999999994 0.00000000099999999994 0.18097627019979839469 0.77786834909513069558 0.01726932465511712977 0.01729235884233374862 
0.00000000099999999994 0.00000000099999999994 0.00000000099999999994 0.00000000099999999994 0.19636451135508947718 0.77239853489559606725 0.01142651080482912085 0.01981043894448523968 
0.00184606627990924676 0.00000000099999999993 0.00000000099999999993 0.00000000099999999993 0.19844808039592146121 0.76121928094963087208 0.02382361462525153795 0.01466295474928673397 
0.02169216655890592385 0.00000000099999999992 0.00000000099999999992 0.00000000099999999992 0.18149740579185585920 0.76080701508409642742 0.02359535636678758777 0.01240805319835443406 
0.00000000841140209652 0.00000000099999999991 0.00000000099999999991 0.00000000099999999991 0.20814586034184867636 0.76759901943960773263 0.00794973081084983033 0.01630537799629161108 
0.03142086804911438380 0.00000000099999999992 0.00000000099999999992 0.00000000099999999992 0.18433765587344924652 0.75129622241668636562 0.02099620360748431433 0.01194904705326575722 
0.01354638152236397816 0.00000000099999999992 0.00000000099999999992 0.00000000099999999992 0.17988225072623770240 0.76746619489559197991 0.02441213785135880332 0.01469303200444745799 
0.02637230204325733546 0.00000000099999999995 0.00000000099999999995 0.00000000099999999995 0.22701307893567840290 0.66832740663990697350 0.05863751077802200479 0.01964969860313521555 
0.01237909201761241626 0.00000000099999999993 0.00000000099999999993 0.00000000099999999993 0.23723531468457639826 0.70040436039442821592 0.03889228293317587709 0.01108894697020722936 
0.00105885505175600469 0.00000000099999999996 0.00000000099999999996 0.00000000099999999996 0.21535571310183934668 0.69845536306986832908 0.06463348479166637628 0.02049658098486980759 
0.02051584529745539842 0.00000000099999999994 0.00000000099999999994 0.00000000099999999994 0.24690674027767545162 0.68873366922698764370 0.03826546163290574926 0.00557828056497570654 
0.03083670496252771329 0.00000000099999999995 0.00000000099999999995 0.00000000099999999995 0.21091363536623283781 0.69365286165503070581 0.05473845002357585060 0.00985834499263288887 
0.02640040277073394531 0.00000000099999999999 0.00000000099999999999 0.00000000099999999999 0.20394872336383496059 0.72370491960397798081 0.04578624765263489965 0.00015970360881832038 
0.02500011293461393974 0.00000000099999999995 0.00000000099999999995 0.00000000099999999995 0.19895261523858850938 0.72367848428449044196 0.03865366018068489701 0.01371512436162234359 
0.03237942678432366439 0.00000000099999999994 0.00000000099999999994 0.00000000099999999994 0.23334339755372016101 0.65124714873720357389 0.06353689186529833111 0.01949313205945420180 
0.03863671929686104956 0.00000000099999999995 0.00000000099999999995 0.00000000099999999995 0.20545388890021232253 0.67981714540792126389 0.06620498165126106893 0.00988726174374427585 
0.06490862047999843010 0.00000000099999999994 0.00000000099999999994 0.00000000099999999994 0.23517500261976453935 0.65988982172491850164 0.03628324475105110941 0.00374330742426735689 
0.05542730434269226708 0.00000000099999999993 0.00000000099999999993 0.00000000099999999993 0.21958703535583465327 0.68328221878026029756 0.03434768596076457486 0.00735575256044813941 
0.04147194898902204635 0.00000000099999999994 0.00000000099999999994 0.00000000099999999994 0.21962370745080900258 0.65916962686454172449 0.06229419324814357978 0.01744052044748346450 
0.04777831090755532695 0.00000000099999999995 0.00000000099999999995 0.00000000099999999995 0.22728725105799524320 0.64494489987700331923 0.06558067118686235208 0.01440886397058371501 
0.02914484656277535612 0.00000000099999999995 0.00000000099999999995 0.00000000099999999995 0.24020967504609574972 0.67463622674946788216 0.04579442904860866331 0.01021481959305235200 
0.06778826264830778436 0.00000000099999999995 0.00000000099999999995 0.00000000099999999995 0.21834609839727650571 0.67846367238698424007 0.02892203216292850779 0.00647993140450298533 
0.03052756948366092821 0.00000000099999999996 0.00000000099999999996 0.00000000099999999996 0.22921023279901911462 0.66846309863338471136 0.06153222599171961210 0.01026687009221564223 
0.00842468493067101767 0.00000000099999999994 0.00000000099999999994 0.00000000099999999994 0.22935855800762927625 0.71027472008738401499 0.03596191427811810254 0.01598011969619756584 
0.03907412136250869999 0.00000000099999999994 0.00000000099999999994 0.00000000099999999994 0.24362313840985411195 0.66387677866471939137 0.04255688596876872759 0.01086907259414894404 
0.05807246066570843218 0.00000000099999999994 0.00000000099999999994 0.00000000099999999994 0.24323214649107866014 0.66660165779857272206 0.02516593470877237504 0.00692779733586785552 
0.03437212277110089642 0.00000000099999999993 0.00000000099999999993 0.00000000099999999993 0.23404664823523699257 0.70168278920886095751 0.02154978572318809113 0.00834865106161306221 
0.02442071228211147721 0.00000000099999999993 0.00000000099999999993 0.00000000099999999993 0.22935620425042593795 0.67085302057821383226 0.05452372489654120497 0.02084633499270751450 
0.05090199084715455596 0.00000000099999999994 0.00000000099999999994 0.00000000099999999994 0.21922167082526577975 0.69504352564591509456 0.01855215646242082059 0.01628065321924385481 
0.03953244244520651846 0.00000000099999999994 0.00000000099999999994 0.00000000099999999994 0.22764683194638626884 0.67833956219289570644 0.03764839787921718528 0.01683276253629426705 
0.02019814225083683620 0.00000000099999999994 0.00000000099999999994 0.00000000099999999994 0.23446345516893263294 0.68695755119658918897 0.04389996567089917562 0.01448088271274224938 
0.02644021193093603478 0.00000000099999999994 0.00000000099999999994 0.00000000099999999994 0.24678271562932316274 0.67846697584686266325 0.03887938956353096526 0.00943070402934703504 
0.04412350719037839292 0.00000000099999999995 0.00000000099999999995 0.00000000099999999995 0.23605800559873782452 0.66614295700352188501 0.03097581422759324021 0.02269971297976874913 
0.04284248426826075401 0.00000000099999999993 0.00000000099999999993 0.00000000099999999993 0.23531623516383504136 0.67146669573115802532 0.03607726539052774628 0.01429731644621857686 
0.03555967267151402544 0.00000000099999999994 0.00000000099999999994 0.00000000099999999994 0.22512443185418729019 0.67698869966338970361 0.04618414093108029472 0.01614305187982860434 
0.06909489433126163316 0.00000000099999999994 0.00000000099999999994 0.00000000099999999994 0.23678915151230739422 0.65216820525203678116 0.02245887827023139091 0.01948886763416289233 
0.02789483843770404481 0.00000000099999999994 0.00000000099999999994 0.00000000099999999994 0.22994804931859358366 0.70089450737431946425 0.02360077370554685208 0.01766182816383603943 
0.02745014643933408813 0.00000000099999999994 0.00000000099999999994 0.00000000099999999994 0.19377843196632074663 0.73077953573233955797 0.03211296285700363656 0.01587892000500194106 
0.00980725759761845797 0.00000000099999999995 0.00000000099999999995 0.00000000099999999995 0.22003620496495943093 0.69192235129608636868 0.05541162757803160671 0.02282255556330423443 
0.03675257031617754772 0.00000000099999999994 0.00000000099999999994 0.00000000099999999994 0.21593541008818270543 0.69047603486760977809 0.03821014968376581361 0.01862583204426402142 
0.03650760059379162120 0.00000000099999999993 0.00000000099999999993 0.00000000099999999993 0.22424685461422991239 0.66705154834544366782 0.06117958357635640276 0.01101440987017834883 
0.03568071464123282605 0.00000000099999999993 0.00000000099999999993 0.00000000099999999993 0.24020103400951786643 0.68374100581338304039 0.02261985372536119351 0.01775738881050513765 
0.04295328918496132964 0.00000000099999999994 0.00000000099999999994 0.00000000099999999994 0.22612083842179514503 0.66939665704771345034 0.04744239606385386443 0.01408681628167618265 
0.04690113069183531741 0.00000000099999999993 0.00000000099999999993 0.00000000099999999993 0.20436113789689575038 0.71888414596047689464 0.02127768631346674613 0.00857589613732539884 
0.04889100976888340055 0.00000000099999999994 0.00000000099999999994 0.00000000099999999994 0.23220095604340976192 0.67268211795872923098 0.04190909951552523188 0.00431681371345232507 
0.04006499570871298321 0.00000000099999999994 0.00000000099999999994 0.00000000099999999994 0.22197471304204954845 0.71903014421013766722 0.00733565500285726733 0.01159448903624244950 
0.01236405917773703012 0.00000000099999999996 0.00000000099999999996 0.00000000099999999996 0.21988055213803064936 0.74522837503732219933 0.02118122037680519529 0.00134579027010483751 
0.01337435160180509668 0.00000000099999999994 0.00000000099999999994 0.00000000099999999994 0.22858267261679016125 0.74275077927165289449 0.00659105800994470772 0.00870113549980714059 
0.01245902384197438394 0.00000000099999999994 0.00000000099999999994 0.00000000099999999994 0.24114175286212372051 0.73634461774625181718 0.00007797430887732363 0.00997662824077287860 
0.03979958404569899216 0.00000000099999999993 0.00000000099999999993 0.00000000099999999993 0.22006002808611282995 0.74013433669319594888 0.00000604717499206397 0.00000000099999999993 
0.00000000099999999994 0.00000000099999999994 0.00000000099999999994 0.00000000099999999994 0.22446675780435862424 0.76413624958498083117 0.01024361145737951069 0.00115337715328116069 
0.02962413129948504933 0.00000000099999999993 0.00000000099999999993 0.00000000099999999993 0.20688843028551048842 0.75900659620386701221 0.00447906423767613446 0.00000177497346123524 
0.00001650946252935010 0.00000000099999999993 0.00000000099999999993 0.00000000099999999993 0.23820661667070119893 0.76162667458198940462 0.00015019504326123514 0.00000000124151886293 
0.00144577076568383348 0.00000000099999999994 0.00000000099999999994 0.00000000099999999994 0.25964400226343514744 0.72449783150224056349 0.00855146539643008262 0.00586092707221048080 
0.00278688984589388301 0.00000000099999999993 0.00000000099999999993 0.00000000099999999993 0.21388026669808343772 0.77086621490865758766 0.00975602607195578779 0.00271059947540943508 
0.02742735713440920889 0.00000000099999999994 0.00000000099999999994 0.00000000099999999994 0.21216723768909137582 0.73240748193768123731 0.02266520922237486371 0.00533271101644331065 
0.02528702269801790317 0.00000000099999999994 0.00000000099999999994 0.00000000099999999994 0.21124971743202941576 0.74255763910911176673 0.01085413784472234570 0.01005147991611859623 
0.01902179659698159664 0.00000004825531211989 0.01326564006757259030 0.00000000099999999999 0.22971473240064385624 0.71639539134248064745 0.01601574305239628765 0.00558664728461277967 
0.01316938963328332692 0.00000000099999999994 0.00000000099999999994 0.00000000099999999994 0.22640934601857551356 0.74444543743684210568 0.01095468703683107232 0.00502113687446797269 
0.01855384539553224521 0.00000000099999999994 0.00000000099999999994 0.00000000099999999994 0.21544287802399281206 0.75601714950919129965 0.00000000337005249322 0.00998612070123119228 
0.00662506277352596911 0.00000000099999999994 0.00000000099999999994 0.00000000099999999994 0.19375992307082284816 0.78783177100469048426 0.00256393277121463783 0.00921930737974609171 
0.00000000099999999993 0.00000000099999999993 0.00000000099999999993 0.00000000099999999993 0.22497821907733406288 0.75808534387117554321 0.01693643205149036879 0.00000000099999999993 
0.00000369329249978998 0.00000000099999999995 0.00000000099999999995 0.00000000099999999995 0.23095487769173234094 0.76898374791568280262 0.00005767710008493424 0.00000000099999999995 
0.02292281090882432315 0.00000000099999999993 0.00000000099999999993 0.00000000099999999993 0.23520001626763203939 0.73275607358156003013 0.00451109252864330141 0.00461000371334043587 
