0.86628290449028033660 0.00000000099999999992 0.00000000099999999992 0.00000000099999999992 0.00000000099999999992 0.13371709050971983257 0.00000000099999999992 
0.87088199779166641790 0.00000000099999999993 0.00000000099999999993 0.00000000099999999993 0.00000000099999999993 0.12911799720833361249 0.00000000099999999993 
0.87105058368439991501 0.00000000099999999992 0.00000000099999999992 0.00000000099999999992 0.00000000099999999992 0.12894941131560003211 0.00000000099999999992 
0.85378070751431678342 0.00000000099999999998 0.00000000099999999998 0.00000000099999999998 0.00000000099999999998 0.14621928748568333023 0.00000000099999999998 
0.86582472150816769396 0.00000000099999999989 0.00000000099999999989 0.00000000099999999989 0.00000000099999999989 0.13417527349183253071 0.00000000099999999989 
0.82692969329507981513 0.00000000099999999998 0.00000000099999999998 0.00000000099999999998 0.00000000099999999998 0.17307030170492038179 0.00000000099999999998 
0.81255409775540554662 0.00000000099999999998 0.00000000099999999998 0.00000000099999999998 0.00000000099999999998 0.18744589724459467805 0.00000000099999999998 
0.00000000099999999977 0.00000000099999999977 0.00000000099999999977 0.00000000099999999977 0.00000000099999999977 0.99999999399999994765 0.00000000099999999977 
0.00000000099999999980 0.00000000099999999980 0.00000000099999999980 0.00000000099999999980 0.00000000099999999980 0.99999999399999994765 0.00000000099999999980 
0.00000000099999999981 0.00000000099999999981 0.00000000099999999981 0.00000000099999999981 0.00000000099999999981 0.99999999400000005867 0.00000000099999999981 
0.00000000099999999980 0.00000000099999999980 0.00000000099999999980 0.00000000099999999980 0.00000000099999999980 0.99999999400000005867 0.00000000099999999980 
0.00000000099999999980 0.00000000099999999980 0.00000000099999999980 0.00000000099999999980 0.00000000099999999980 0.99999999399999994765 0.00000000099999999980 
0.00000000099999999982 0.00000000099999999982 0.00000000099999999982 0.00000000099999999982 0.00000000099999999982 0.99999999399999994765 0.00000000099999999982 
0.00000000099999999984 0.00000000099999999984 0.00000000099999999984 0.00000000099999999984 0.00000000099999999984 0.99999999400000005867 0.00000000099999999984 
0.00000000099999999980 0.00000000099999999980 0.00000000099999999980 0.00000000099999999980 0.00000000099999999980 0.99999999400000005867 0.00000000099999999980 
0.00000000099999999977 0.00000000099999999977 0.00000000099999999977 0.00000000099999999977 0.00000000099999999977 0.99999999399999994765 0.00000000099999999977 
0.00000000099999999983 0.00000000099999999983 0.00000000099999999983 0.00000000099999999983 0.00000000099999999983 0.99999999400000005867 0.00000000099999999983 
0.00000000099999999981 0.00000000099999999981 0.00000000099999999981 0.00000000099999999981 0.00000000099999999981 0.99999999400000005867 0.00000000099999999981 
0.00000000099999999980 0.00000000099999999980 0.00000000099999999980 0.00000000099999999980 0.00000000099999999980 0.99999999399999994765 0.00000000099999999980 
0.00000000099999999978 0.00000000099999999978 0.00000000099999999978 0.00000000099999999978 0.00000000099999999978 0.99999999400000005867 0.00000000099999999978 
0.00000000099999999982 0.00000000099999999982 0.00000000099999999982 0.00000000099999999982 0.00000000099999999982 0.99999999400000005867 0.00000000099999999982 
0.00000000099999999980 0.00000000099999999980 0.00000000099999999980 0.00000000099999999980 0.00000000099999999980 0.99999999400000005867 0.00000000099999999980 
0.00000000099999999983 0.00000000099999999983 0.00000000099999999983 0.00000000099999999983 0.00000000099999999983 0.99999999399999994765 0.00000000099999999983 
0.00000000099999999980 0.00000000099999999980 0.00000000099999999980 0.00000000099999999980 0.00000000099999999980 0.99999999399999994765 0.00000000099999999980 
0.00000000099999999977 0.00000000099999999977 0.00000000099999999977 0.00000000099999999977 0.00000000099999999977 0.99999999400000005867 0.00000000099999999977 
0.00000000099999999980 0.00000000099999999980 0.00000000099999999980 0.00000000099999999980 0.00000000099999999980 0.99999999399999994765 0.00000000099999999980 
0.00000000099999999987 0.00000000099999999987 0.00000000099999999987 0.00000000099999999987 0.00000000099999999987 0.99999999399999994765 0.00000000099999999987 
0.63929721962271202074 0.00065025416567567908 0.06986251404030301149 0.01100892645545887942 0.00000000099999999998 0.23767016761646544976 0.04151091709938507790 
0.63917699019319940135 0.00000000099999999997 0.08840565077924772419 0.00756411908297074075 0.00000000099999999997 0.24972272724377703179 0.01513051070080527472 
0.63932202828075967993 0.00000000099999999998 0.08182053364148761387 0.01609853205155681311 0.00000000099999999998 0.23469000504268594520 0.02806889898350998364 
0.66112149708606626763 0.00000322392493242495 0.05764813789864460525 0.00448751786584561906 0.00000000099999999998 0.24217796057458734760 0.03456166164992387213 
0.64249338127687027900 0.00536286623114409170 0.08168480106361121484 0.00157679256984996998 0.00000000099999999998 0.25529997600899406729 0.01358218184953035972 
0.66318710740233977052 0.00000000099999999998 0.07429043507439034300 0.01306914384191736576 0.00000000099999999998 0.24945229175729521920 0.00000101992405724976 
0.61230096720384441511 0.00000000099999999998 0.08035256190712192215 0.01250227970983615843 0.00000000099999999998 0.26909013940642112495 0.02575404977277641339 
0.62271655545224158246 0.00000000099999999998 0.08968859683917665415 0.00635165893505482051 0.00000000099999999998 0.26582104719354932021 0.01542213957997764714 
0.63766008168534094036 0.00000000099999999998 0.08377171815329710614 0.00474355017395316006 0.00000000099999999998 0.24498467914475413609 0.02883996884265455085 
0.64403689026678445639 0.00000000099999999997 0.06828794618833523844 0.00997730637523215093 0.00000000099999999997 0.26001239702764278316 0.01768545814200552652 
0.60872260295193758584 0.00000000099999999998 0.07770298732215141779 0.00749458733679456233 0.00000000099999999998 0.27717275361800247646 0.02890706677111404971 
0.62192245914595534195 0.00000000099999999998 0.11787575289166014880 0.00393162237285085703 0.00000000099999999998 0.24798828328106750640 0.00828188030846624228 
0.66229667975107797684 0.00006147974256282536 0.07067825430982067891 0.00706586387743325141 0.00000000099999999998 0.23340939819839368052 0.02648832312071169523 
0.59841621675922962442 0.00000000531152414750 0.09655521598964993124 0.00068738763265280387 0.00000000099999999998 0.26680043313729706611 0.03754074016964664695 
0.62578213951965178108 0.00224707799302413611 0.09824953502738736910 0.01021271196960547162 0.00000000099999999999 0.24247396526180192700 0.02103456922852926445 
0.63562641446240863985 0.00592512098107924115 0.08036775582617525227 0.00831414106511901493 0.00000000099999999998 0.23811653156080303528 0.03165003510441467827 
0.65130852688995177768 0.00000000099999999998 0.08285051647419190701 0.00443195850798202336 0.00000000099999999998 0.24318900178273253343 0.01821999434514186278 
0.60418774782953033053 0.00000000099999999998 0.07853940042568685609 0.01197909983717883493 0.00000000099999999998 0.26407554763953483556 0.04121820226806920118 
0.63063010262424501473 0.00198252346470092480 0.08197210495008425135 0.01716666211000227385 0.00000000099999999999 0.23015995270881328683 0.03808865314215427456 
0.58672514497321193172 0.00000000099999999997 0.08974929471958337235 0.01028141481221702368 0.00000000099999999997 0.30172652453792675464 0.01151761895706103142 
0.00000000099999999977 0.99999999400000005867 0.00000000099999999977 0.00000000099999999977 0.00000000099999999977 0.00000000099999999977 0.00000000099999999977 
0.00000000099999999971 0.99999999400000005867 0.00000000099999999971 0.00000000099999999971 0.00000000099999999971 0.00000000099999999971 0.00000000099999999971 
0.00000000099999999962 0.99999999400000005867 0.00000000099999999962 0.00000000099999999962 0.00000000099999999962 0.00000000099999999962 0.00000000099999999962 
0.02830276090644294126 0.95711617924349889908 0.00000000099999999999 0.00000000099999999999 0.01458105585005818258 0.00000000099999999999 0.00000000099999999999 
0.00000000099999999972 0.99999999400000016969 0.00000000099999999972 0.00000000099999999972 0.00000000099999999972 0.00000000099999999972 0.00000000099999999972 
0.00000000099999999970 0.99999999400000016969 0.00000000099999999970 0.00000000099999999970 0.00000000099999999970 0.00000000099999999970 0.00000000099999999970 
0.00000000099999999983 0.99999999400000016969 0.00000000099999999983 0.00000000099999999983 0.00000000099999999983 0.00000000099999999983 0.00000000099999999983 
0.10431149714492554681 0.79298920952960483266 0.00057779714597147808 0.00000000100000000000 0.00000001634306793289 0.04029508717392280698 0.06182639166250756407 
0.00000000099999999974 0.99999999400000005867 0.00000000099999999974 0.00000000099999999974 0.00000000099999999974 0.00000000099999999974 0.00000000099999999974 
0.00000000099999999988 0.99999999400000005867 0.00000000099999999988 0.00000000099999999988 0.00000000099999999988 0.00000000099999999988 0.00000000099999999988 
0.00000000099999999976 0.99999999400000016969 0.00000000099999999976 0.00000000099999999976 0.00000000099999999976 0.00000000099999999976 0.00000000099999999976 
0.00000000099999999999 0.99999999400000016969 0.00000000099999999999 0.00000000099999999999 0.00000000099999999999 0.00000000099999999999 0.00000000099999999999 
0.00000000099999999972 0.99999999400000016969 0.00000000099999999972 0.00000000099999999972 0.00000000099999999972 0.00000000099999999972 0.00000000099999999972 
0.00000000099999999964 0.99999999400000016969 0.00000000099999999964 0.00000000099999999964 0.00000000099999999964 0.00000000099999999964 0.00000000099999999964 
0.00000000099999999962 0.99999999400000005867 0.00000000099999999962 0.00000000099999999962 0.00000000099999999962 0.00000000099999999962 0.00000000099999999962 
0.00000000099999999967 0.99999999400000005867 0.00000000099999999967 0.00000000099999999967 0.00000000099999999967 0.00000000099999999967 0.00000000099999999967 
0.00000000099999999964 0.99999999400000005867 0.00000000099999999964 0.00000000099999999964 0.00000000099999999964 0.00000000099999999964 0.00000000099999999964 
0.00000000099999999963 0.99999999400000005867 0.00000000099999999963 0.00000000099999999963 0.00000000099999999963 0.00000000099999999963 0.00000000099999999963 
0.00000000099999999962 0.99999999400000016969 0.00000000099999999962 0.00000000099999999962 0.00000000099999999962 0.00000000099999999962 0.00000000099999999962 
0.00000000099999999958 0.99999999400000016969 0.00000000099999999958 0.00000000099999999958 0.00000000099999999958 0.00000000099999999958 0.00000000099999999958 
0.00000000099999999959 0.99999999400000005867 0.00000000099999999959 0.00000000099999999959 0.00000000099999999959 0.00000000099999999959 0.00000000099999999959 
0.00000000099999999962 0.99999999400000005867 0.00000000099999999962 0.00000000099999999962 0.00000000099999999962 0.00000000099999999962 0.00000000099999999962 
0.00000000099999999960 0.99999999400000005867 0.00000000099999999960 0.00000000099999999960 0.00000000099999999960 0.00000000099999999960 0.00000000099999999960 
0.00000000099999999961 0.99999999400000005867 0.00000000099999999961 0.00000000099999999961 0.00000000099999999961 0.00000000099999999961 0.00000000099999999961 
0.00000000099999999965 0.99999999400000016969 0.00000000099999999965 0.00000000099999999965 0.00000000099999999965 0.00000000099999999965 0.00000000099999999965 
0.00000000099999999965 0.99999999400000016969 0.00000000099999999965 0.00000000099999999965 0.00000000099999999965 0.00000000099999999965 0.00000000099999999965 
0.00000000099999999963 0.99999999400000005867 0.00000000099999999963 0.00000000099999999963 0.00000000099999999963 0.00000000099999999963 0.00000000099999999963 
0.00000000099999999985 0.00000000099999999985 0.00000000099999999985 0.00000000099999999985 0.99999999400000005867 0.00000000099999999985 0.00000000099999999985 
0.00000000099999999984 0.00000000099999999984 0.00000000099999999984 0.00000000099999999984 0.99999999400000005867 0.00000000099999999984 0.00000000099999999984 
0.00000000099999999986 0.00000000099999999986 0.00000000099999999986 0.00000000099999999986 0.99999999400000005867 0.00000000099999999986 0.00000000099999999986 
0.00000000099999999988 0.00000000292604614713 0.00000000099999999988 0.00000000099999999988 0.99999999207395384726 0.00000000099999999988 0.00000000099999999988 
0.00000000099999999996 0.00000000099999999996 0.00000000099999999996 0.00000000099999999996 0.99999999399999994765 0.00000000099999999996 0.00000000099999999996 
0.00000000099999999990 0.00000000099999999990 0.00000000099999999990 0.00000000099999999990 0.99999999400000005867 0.00000000099999999990 0.00000000099999999990 
0.00000000099999999989 0.00000155548228561554 0.00000000099999999989 0.00000000099999999989 0.99999843951771438810 0.00000000099999999989 0.00000000099999999989 
0.00000000099999999986 0.00000000099999999986 0.00000000099999999986 0.00000000099999999986 0.99999999400000005867 0.00000000099999999986 0.00000000099999999986 
0.00000000099999999986 0.00000000099999999986 0.00000000099999999986 0.00000000099999999986 0.99999999399999994765 0.00000000099999999986 0.00000000099999999986 
0.00000000099999999988 0.00000119751781764711 0.00000000099999999988 0.00000000099999999988 0.99999879748218223341 0.00000000099999999988 0.00000000099999999988 
0.00000000099999999993 0.00898406854580447931 0.00000000099999999993 0.00000000099999999993 0.99101592645419545047 0.00000000099999999993 0.00000000099999999993 
0.00000000099999999985 0.00000000099999999985 0.00000000099999999985 0.00000000099999999985 0.99999999400000005867 0.00000000099999999985 0.00000000099999999985 
0.00000000099999999985 0.00000000099999999985 0.00000000099999999985 0.00000000099999999985 0.99999999400000005867 0.00000000099999999985 0.00000000099999999985 
0.00000000099999999986 0.00000000099999999986 0.00000000099999999986 0.00000000099999999986 0.99999999399999994765 0.00000000099999999986 0.00000000099999999986 
0.00000000099999999984 0.00000000099999999984 0.00000000099999999984 0.00000000099999999984 0.99999999399999994765 0.00000000099999999984 0.00000000099999999984 
0.00000000099999999993 0.00000000099999999993 0.00000000099999999993 0.00000000099999999993 0.99999999399999994765 0.00000000099999999993 0.00000000099999999993 
0.00000000099999999989 0.00001789815014385917 0.00000000099999999989 0.00000000099999999989 0.99998209684985617240 0.00000000099999999989 0.00000000099999999989 
0.00000000099999999986 0.00000000099999999986 0.00000000099999999986 0.00000000099999999986 0.99999999399999994765 0.00000000099999999986 0.00000000099999999986 
0.00000000099999999984 0.00000000099999999984 0.00000000099999999984 0.00000000099999999984 0.99999999399999994765 0.00000000099999999984 0.00000000099999999984 
0.00000000099999999987 0.00033253926572155074 0.00000000099999999987 0.00000000099999999987 0.99966745573427850946 0.00000000099999999987 0.00000000099999999987 
0.00000000099999999985 0.00000000099999999985 0.00000000099999999985 0.00000000099999999985 0.99999999400000005867 0.00000000099999999985 0.00000000099999999985 
0.00000000099999999987 0.00000000099999999987 0.00000000099999999987 0.00000000099999999987 0.99999999400000005867 0.00000000099999999987 0.00000000099999999987 
0.00000000099999999986 0.00000000099999999986 0.00000000099999999986 0.00000000099999999986 0.99999999400000005867 0.00000000099999999986 0.00000000099999999986 
0.00000000099999999984 0.00000000099999999984 0.00000000099999999984 0.00000000099999999984 0.99999999400000005867 0.00000000099999999984 0.00000000099999999984 
0.00000000099999999983 0.00000000099999999983 0.00000000099999999983 0.00000000099999999983 0.99999999400000005867 0.00000000099999999983 0.00000000099999999983 
0.00000000099999999989 0.00000011400020939076 0.00000000099999999989 0.00000000099999999989 0.99999988099979053580 0.00000000099999999989 0.00000000099999999989 
0.00000000099999999997 0.00000000099999999997 0.00000000099999999997 0.00000000099999999997 0.99999999399999994765 0.00000000099999999997 0.00000000099999999997 
0.00000000099999999990 0.00000000099999999990 0.00000000099999999990 0.00000000099999999990 0.99999999399999994765 0.00000000099999999990 0.00000000099999999990 
0.00000000099999999986 0.00000000099999999986 0.00000000099999999986 0.00000000099999999986 0.99999999400000005867 0.00000000099999999986 0.00000000099999999986 
0.00000000099999999986 0.00000000099999999986 0.00000000099999999986 0.00000000099999999986 0.99999999399999994765 0.00000000099999999986 0.00000000099999999986 
0.00000000099999999987 0.00000000099999999987 0.00000000099999999987 0.00000000099999999987 0.99999999399999994765 0.00000000099999999987 0.00000000099999999987 
0.00000000099999999989 0.00000000099999999989 0.00000000099999999989 0.00000000099999999989 0.99999999399999994765 0.00000000099999999989 0.00000000099999999989 
0.00000000099999999988 0.00000000099999999988 0.00000000099999999988 0.00000000099999999988 0.99999999400000005867 0.00000000099999999988 0.00000000099999999988 
0.00000000099999999987 0.00000000099999999987 0.00000000099999999987 0.00000000099999999987 0.99999999400000005867 0.00000000099999999987 0.00000000099999999987 
0.00000000099999999993 0.00000313304239614360 0.00000000099999999993 0.00000000099999999993 0.99999686195760395524 0.00000000099999999993 0.00000000099999999993 
0.00000000099999999987 0.00000000099999999987 0.00000000099999999987 0.00000000099999999987 0.99999999400000005867 0.00000000099999999987 0.00000000099999999987 
0.00000000099999999984 0.00000000099999999984 0.00000000099999999984 0.00000000099999999984 0.99999999399999994765 0.00000000099999999984 0.00000000099999999984 
0.00000000099999999986 0.00000000099999999986 0.00000000099999999986 0.00000000099999999986 0.99999999399999994765 0.00000000099999999986 0.00000000099999999986 
0.00000000099999999995 0.00000000099999999995 0.00000000099999999995 0.00000000099999999995 0.99999999400000005867 0.00000000099999999995 0.00000000099999999995 
0.00000000099999999987 0.00000000099999999987 0.00000000099999999987 0.00000000099999999987 0.99999999399999994765 0.00000000099999999987 0.00000000099999999987 
0.00000000099999999985 0.00000000099999999985 0.00000000099999999985 0.00000000099999999985 0.99999999400000005867 0.00000000099999999985 0.00000000099999999985 
0.00000000099999999985 0.00000000099999999985 0.00000000099999999985 0.00000000099999999985 0.99999999399999994765 0.00000000099999999985 0.00000000099999999985 
0.00000000099999999986 0.00000000099999999986 0.00000000099999999986 0.00000000099999999986 0.99999999399999994765 0.00000000099999999986 0.00000000099999999986 
0.00000000099999999988 0.00000000099999999988 0.00000000099999999988 0.00000000099999999988 0.99999999400000005867 0.00000000099999999988 0.00000000099999999988 
0.00000000099999999985 0.00000000099999999985 0.00000000099999999985 0.00000000099999999985 0.99999999399999994765 0.00000000099999999985 0.00000000099999999985 
0.69987122305741356065 0.00000000099999999997 0.15492149890311113225 0.03024613356685471044 0.00000000099999999997 0.06627323919121456963 0.04868790328140609747 
0.68212387594524281909 0.00000000099999999996 0.19358051680511625947 0.02732138607053897356 0.00000000099999999996 0.04236415673335076210 0.05461006244575135338 
0.71593494519752753913 0.00000000099999999996 0.16672833085067531589 0.02300241224895440556 0.00000000099999999996 0.05580795804079189543 0.03852635166205088668 
0.71517710105211118599 0.00000000099999999997 0.16311116766863900662 0.01901300416785933062 0.00000000099999999997 0.03675667031850329142 0.06594205479288729743 
0.71518457892477171889 0.00000000099999999996 0.14272012705382297604 0.02696063155897214167 0.00000000099999999996 0.06024410899976712086 0.05489055146266608870 
0.73191744928064705888 0.00000000099999999998 0.12490085949809416610 0.02686277555709989245 0.00000000099999999998 0.03079374808190903090 0.08552516558224997067 
0.72457026263777379871 0.00000000099999999997 0.15245464493070626233 0.02381920170424734959 0.00000000099999999997 0.03309680053811928785 0.06605908818915333380 
0.70308155711214026518 0.00000000099999999997 0.15541363332502733385 0.01969763465721112439 0.00000000099999999997 0.05031213787821645772 0.07149503502740503502 
0.72514835822626821926 0.00000000099999999997 0.14657402996919852156 0.01243972505937975155 0.00000000099999999997 0.05650280445431768439 0.05933508029083593704 
0.71751284522124980647 0.00000000099999999998 0.16297837683737476100 0.02261333172707498743 0.00000000099999999998 0.04131845023356476437 0.05557699398073584485 
0.73237171104779341668 0.00000000099999999997 0.15150010236741351388 0.02295677627537006521 0.00000000099999999997 0.03940305341491956437 0.05376835489450351030 
0.71345116767178151651 0.00000000099999999998 0.14009088389065099678 0.02174006175957740941 0.00000000099999999998 0.07383271766066984432 0.05088516701732022363 
0.69548245277624920480 0.00000000099999999996 0.17483571895387139961 0.00432295141779581032 0.00000000099999999996 0.06169289325635973070 0.06366598159572393889 
0.72325268837785594567 0.00000000099999999996 0.15524543583973851590 0.00944989082298061667 0.00000000099999999996 0.04948431168548032139 0.06256767127394471939 
0.70302787719526038668 0.00000000099999999997 0.16123607994772323759 0.02870283895339232477 0.00000000099999999997 0.04173818928311528315 0.06529501262050865784 
0.71888840864713321466 0.00000000099999999996 0.15779765293981976026 0.01700561562846204799 0.00000000099999999996 0.04416993582066945645 0.06213838496391557026 
0.70968933372065212684 0.00000000099999999996 0.15218949918394256149 0.01494631780899151503 0.00000000099999999996 0.05557891992571713236 0.06759592736069651442 
0.70768831453683012089 0.00000000099999999996 0.15881774081322308501 0.02499412582540272779 0.00000000099999999996 0.04084210912136294197 0.06765770770318119132 
0.68967345005588864826 0.00000000099999999996 0.16994762928682449754 0.02855212503849985026 0.00000000099999999996 0.02839146420687507777 0.08343532941191199315 
0.72206949952180632391 0.00000000099999999997 0.16129738772190324592 0.01530679126780108180 0.00000000099999999997 0.03535680764736068987 0.06596951184112859190 
0.65258066338742504175 0.00000000099999999997 0.22077009534526997880 0.02171134049536164665 0.00000000099999999997 0.01704271460260503926 0.08789518416933848888 
0.67170111236675544841 0.00000000099999999997 0.20707388620257435874 0.02045648282279863631 0.00000000099999999997 0.04248736586284213024 0.05828115074502943777 
0.66128087909083033136 0.00000000099999999997 0.21043958241476420912 0.03817156583948314030 0.00000000099999999997 0.04055054564185454208 0.04955742501306787534 
0.67394337365532919204 0.00000000099999999997 0.21190956547799108534 0.02663860497106614739 0.00000000099999999997 0.03874716777970313442 0.04876128611591059453 
0.65687532114483559997 0.00000000099999999997 0.20430722112897956033 0.02128645128607334694 0.00000000099999999997 0.04341261754715539101 0.07411838689295612015 
0.66142227705172151886 0.00000000099999999996 0.21644659674139435368 0.01881598406339499152 0.00000000099999999996 0.04288802522731321315 0.06042711491617591690 
0.66023655506206113674 0.00000000099999999997 0.21679754088507299792 0.02646174965568200491 0.00000000099999999997 0.02856427162643634249 0.06793988077074751553 
0.66782816674561262804 0.00000000099999999998 0.20855399601845164836 0.02636460006101176007 0.00000000099999999998 0.03017252987730786526 0.06708070529761621381 
0.66658787259445528850 0.00000000099999999997 0.20808806271343641137 0.02500237685632255083 0.00000000099999999997 0.04491885242639321457 0.05540283340939263640 
0.66670888838029263024 0.00000000099999999996 0.21971731270365899014 0.01491764031743773172 0.00000000099999999996 0.03776030187727819065 0.06089585472133251381 
0.83538202238265490962 0.00000000099999999995 0.12499489415889805666 0.00798337475989759592 0.00000000099999999995 0.01087253021761443172 0.02076717648093504356 
0.81961728149021384482 0.00000000099999999996 0.11461236401443139488 0.02234499452005314982 0.00000000099999999996 0.01615166775281031905 0.02727369022249122310 
0.81742198458288140017 0.00000000099999999995 0.10946474209477040362 0.01400361462917640819 0.00000000099999999995 0.02664729954310756863 0.03246235715006425687 
0.83422426792031600939 0.00000000099999999996 0.09134180938880158418 0.01810666467459956172 0.00000000099999999996 0.02515364829035201741 0.03117360772593083182 
0.84737159164556496993 0.00000000099999999996 0.10335759971869323826 0.02089734479251945456 0.00000000099999999996 0.00000000099999999996 0.02837346084322233883 
0.82857582526751361041 0.00000000099999999996 0.12123726606429280350 0.01450976631333870080 0.00000000099999999996 0.00025166599404974577 0.03542547436080524526 
0.82179486608436824735 0.00000000099999999995 0.10286758731537017086 0.01235876458770345659 0.00000000099999999995 0.02563190668430780084 0.03734687332825060990 
0.84245894474770088856 0.00000000099999999994 0.11137213499778193804 0.01778151275645883586 0.00000000099999999994 0.00365305994969248801 0.02473434554836594079 
0.81500306129814459322 0.00000000099999999995 0.12252588451435046657 0.01198706557134022500 0.00000000099999999995 0.01880797693979498891 0.03167600967636981235 
0.83452214394300849865 0.00000000099999999995 0.10765187193393721543 0.01439962648479001066 0.00000000099999999995 0.00640694049346530840 0.03701941514479889506 
0.74307426111784979916 0.00000000099999999997 0.13580365911648203947 0.02067888406382355909 0.00000000099999999997 0.02722088060518598404 0.07322231309665865051 
0.77558137460623122195 0.00000000099999999996 0.13120360478304876617 0.01167922933920540092 0.00000000099999999996 0.02613575016001586093 0.05540003911149873894 
0.76628581488944291777 0.00000000099999999997 0.10498830909997643179 0.01968961303331055387 0.00000000099999999997 0.02648467549389901809 0.08255158548337115931 
0.76393766588603695400 0.00000000099999999996 0.13632536206452328109 0.00677623935337132426 0.00000000099999999996 0.03634567172403514734 0.05661505897203356064 
0.76300779603651147642 0.00000000099999999997 0.12005213884206464292 0.01081969085977534106 0.00000000099999999997 0.03759679823187563052 0.06852357402977291012 
0.78973465130948028445 0.00000000099999999999 0.11144970195987746742 0.00234380259734248090 0.00000000099999999999 0.03791806744920830224 0.05855377468409139058 
0.78784000116248575907 0.00000000099999999997 0.10105373985445199880 0.01414367206577663363 0.00000000099999999997 0.04538948415128572778 0.05157310076599985055 
0.71777527046718614390 0.00000000099999999996 0.14123592897459277817 0.02042169179274893123 0.00000000099999999996 0.03975586759484669996 0.08081123917062572881 
0.74506130993539465557 0.00000000099999999997 0.11777327304892150350 0.01092053707477166555 0.00000000099999999997 0.04711612473739614643 0.07912875320351615838 
0.73618565821604908805 0.00000000099999999996 0.14649971826111407580 0.00427490943814756458 0.00000000099999999996 0.06327980841596406170 0.04975990366872539566 
0.75417183183359515208 0.00000000099999999996 0.13533516189329314328 0.00837590984312116572 0.00000000099999999996 0.05428878617702535131 0.04782830825296523203 
0.72914809631513344268 0.00000000099999999996 0.14116166450622677497 0.01650540750057202452 0.00000000099999999996 0.03636007115291865766 0.07682475852514908388 
0.71814164890605236558 0.00000000099999999997 0.14100512919253313515 0.01448294285905468368 0.00000000099999999997 0.04664779829975943676 0.07972247874260034173 
0.75097410724851831887 0.00000000099999999997 0.13926235880493531560 0.01152646205684233760 0.00000000099999999997 0.03967710708661580099 0.05855996280308847085 
0.74912371538922628567 0.00000000099999999996 0.14190125662013561292 0.00766619784829897233 0.00000000099999999996 0.05891839848192062523 0.04239042966041849103 
0.74065873584791186435 0.00000000099999999997 0.13653916272576571700 0.01187326053627235645 0.00000000099999999997 0.03388091743909858733 0.07704792145095162859 
0.78303929486793832915 0.00000000099999999996 0.12972656042741484428 0.01681696426917700729 0.00000000099999999996 0.01947661461227580618 0.05094056382319411824 
0.74205303579002301895 0.00000000099999999996 0.15742960183905235771 0.01224442494428511566 0.00000000099999999996 0.03139840737401196347 0.05687452805262754180 
0.74578638038444911018 0.00000000099999999996 0.17743741942064408801 0.00707672311741868593 0.00000000099999999996 0.03212686762528939310 0.03757260745219876547 
0.78076401578514731394 0.00000000099999999995 0.15034130918862764759 0.01020917280945715482 0.00000000099999999995 0.02333358152379910733 0.03535191869296879646 
0.74756560700572105560 0.00000000099999999995 0.13827933033069567115 0.02162145049934877800 0.00000000099999999995 0.02409632819732629092 0.06843728196690847254 
0.76350623691881314148 0.00000000099999999996 0.15680701542963573769 0.01789280450127067254 0.00000000099999999996 0.03064644683112222392 0.03114749431915820113 
0.75159643992165747761 0.00000000099999999996 0.15471768990535053612 0.01765028906339581594 0.00000000099999999996 0.02383859496782772189 0.05219698414176848072 
0.76550806299395213195 0.00000000099999999996 0.14474925347378439500 0.01509482798194396007 0.00000000099999999996 0.01716837757267410808 0.05747947597764530708 
0.75808789536918552709 0.00000000099999999996 0.15901123654762655546 0.01118554634648792796 0.00000000099999999996 0.01864090638648213324 0.05307441335021784862 
0.74310803833655159067 0.00000000099999999997 0.15958605323121674568 0.02345580434599988523 0.00000000099999999997 0.02938566054550807369 0.04446444154072372312 
0.74821237598565826232 0.00000000099999999995 0.15639761236441218628 0.01422153526354152930 0.00000000099999999995 0.03280813483763905108 0.04836033954874927043 
0.75261038656583423290 0.00000000099999999996 0.15455187495877525938 0.01742135647708202562 0.00000000099999999996 0.01681825275343177759 0.05859812724487675761 
0.72427801740381247964 0.00000000099999999996 0.18023086953648773112 0.02027852164454569533 0.00000000099999999996 0.03827958840417446801 0.03693300101097975185 
0.78080732386883533458 0.00000000099999999996 0.15346248095865433481 0.01882658804211769649 0.00000000099999999996 0.01084826284898910906 0.03605534228140352959 
0.79590110086804422007 0.00000000099999999996 0.13103278587014904888 0.01615819064164765451 0.00000000099999999996 0.01171078104709691141 0.04519713957306243507 
0.76609241857555154809 0.00000000099999999997 0.13854583370012965582 0.02305243386352889834 0.00000000099999999997 0.00373563659805223325 0.06857367526273769331 
0.75972424069586064199 0.00000000099999999996 0.14219681447145643416 0.01936968300732407056 0.00000000099999999996 0.02864399633242710810 0.05006526349293174277 
0.73667593649920781740 0.00000000099999999995 0.15159871543896008550 0.01161043152016642301 0.00000000099999999995 0.02621797055043177324 0.07389694399123411528 
0.76316000938494532591 0.00000000099999999996 0.15553912893955570973 0.01873282247471103751 0.00000000099999999996 0.02493109416797653285 0.03763694303281170384 
0.74774880202767235460 0.00000000099999999996 0.15656212868019750428 0.01404332955483264880 0.00000000099999999996 0.02246784037946342530 0.05917789735783407501 
0.78862398598125083016 0.00000000099999999995 0.13861296763299843504 0.00954692310594712490 0.00000000099999999995 0.03038831819067605230 0.03282780308912752049 
0.75171167730031263066 0.00000000099999999996 0.14928963260195296514 0.00459483119750683875 0.00000000099999999996 0.03888700564327782216 0.05551685125694976602 
0.79671848357738617175 0.00000000099999999996 0.14370960127355950076 0.01173795630765285709 0.00000000099999999996 0.02690075454523170248 0.02093320229616989561 
0.81984837933075127570 0.00000000099999999997 0.13354689047823548043 0.00174606349706985528 0.00000000099999999997 0.00834542120901535234 0.03651324348492825111 
0.82130024870058215836 0.00000000099999999996 0.13971623908954550197 0.01056974075800099812 0.00000000099999999996 0.00624494532396616901 0.02216882412790516926 
0.82005524364700266293 0.00000000099999999996 0.13692569791034020499 0.00927539256647912265 0.00000000099999999996 0.01663379487410921592 0.01710986900206888650 
0.81317787484269510312 0.00000000099999999995 0.14112009333540390110 0.00000000099999999995 0.00000000099999999995 0.03224786538939573843 0.01345416343250532311 
0.83727429832802402476 0.00000000099999999996 0.13604989775254791584 0.00154311586029584483 0.00000000099999999996 0.00000000099999999996 0.02513268505913229811 
0.82924136388695635080 0.00000000099999999995 0.12247024225161801114 0.00054681397294097556 0.00000000099999999995 0.02825347491638672756 0.01948810297209790585 
0.84990988687011037594 0.00000000099999999995 0.12738748162582549939 0.00000000099999999995 0.00000000099999999995 0.00702300369739121064 0.01567962480667309255 
0.81179052543395857633 0.00000000099999999996 0.14518175172656119787 0.00513549914124049149 0.00000000099999999996 0.01560584733172175158 0.02228637436651801501 
0.84626175008840098801 0.00000000099999999995 0.11156388142161892396 0.00411432312131804721 0.00000000099999999995 0.01347479454835503847 0.02458524882030708320 
0.80129079626198118635 0.00000000099999999996 0.14591395955278307905 0.00580821289430348726 0.00000000099999999996 0.01016089470438919298 0.03682613458654305366 
0.81249444769174727909 0.00000000099999999996 0.13533637468978756968 0.01023698722234044414 0.00000000099999999996 0.01837920965720016286 0.02355297873892454527 
0.79347628681204329659 0.00000000099999999999 0.13236437512953197482 0.00665222261154751592 0.01383827561888077012 0.02286200325919859541 0.03080683556879784679 
0.81778673645343269438 0.00000000099999999996 0.12477661628587304044 0.00646698589599450750 0.00000000099999999996 0.02412593686716026781 0.02684372249753946491 
0.83218796192430477543 0.00000000099999999997 0.12904902761238074005 0.00971279952882073312 0.00000000099999999997 0.01916937004592679170 0.00988083888856703188 
0.85141483627263847556 0.00000000099999999996 0.12451738276524935978 0.00976936972004568104 0.00000000099999999996 0.00000360377705427022 0.01429480546501232276 
0.84717356783889397054 0.00000000099999999995 0.11387593719957195271 0.00000017305174001985 0.00000000099999999995 0.00603679472477949928 0.03291352518501457214 
0.85229468130610264165 0.00000000099999999997 0.11712988331715078194 0.00000000099999999997 0.00000000099999999997 0.01275912184734636495 0.01781631052940019569 
0.81091263638113852963 0.00000000099999999995 0.13876800625280555357 0.00495857185386381662 0.00000000099999999995 0.02613662353777192193 0.01922415997442028512 
0.82606445771307079884 0.00000000099999999996 0.12442815473995680331 0.00533096609058075939 0.00000000099999999996 0.02297708942553227177 0.02119933003085940071 
0.99999999400000016969 0.00000000099999999990 0.00000000099999999990 0.00000000099999999990 0.00000000099999999990 0.00000000099999999990 0.00000000099999999990 
0.99999999400000016969 0.00000000099999999991 0.00000000099999999991 0.00000000099999999991 0.00000000099999999991 0.00000000099999999991 0.00000000099999999991 
0.99999999400000016969 0.00000000099999999991 0.00000000099999999991 0.00000000099999999991 0.00000000099999999991 0.00000000099999999991 0.00000000099999999991 
0.99999999400000016969 0.00000000099999999989 0.00000000099999999989 0.00000000099999999989 0.00000000099999999989 0.00000000099999999989 0.00000000099999999989 
0.99999999400000005867 0.00000000099999999989 0.00000000099999999989 0.00000000099999999989 0.00000000099999999989 0.00000000099999999989 0.00000000099999999989 
0.99999999400000016969 0.00000000099999999988 0.00000000099999999988 0.00000000099999999988 0.00000000099999999988 0.00000000099999999988 0.00000000099999999988 
0.99999999400000016969 0.00000000099999999989 0.00000000099999999989 0.00000000099999999989 0.00000000099999999989 0.00000000099999999989 0.00000000099999999989 
0.99999999400000005867 0.00000000099999999989 0.00000000099999999989 0.00000000099999999989 0.00000000099999999989 0.00000000099999999989 0.00000000099999999989 
0.99999999400000005867 0.00000000099999999990 0.00000000099999999990 0.00000000099999999990 0.00000000099999999990 0.00000000099999999990 0.00000000099999999990 
0.99999999400000005867 0.00000000099999999991 0.00000000099999999991 0.00000000099999999991 0.00000000099999999991 0.00000000099999999991 0.00000000099999999991 
0.99999999400000005867 0.00000000099999999992 0.00000000099999999992 0.00000000099999999992 0.00000000099999999992 0.00000000099999999992 0.00000000099999999992 
0.99999999400000016969 0.00000000099999999989 0.00000000099999999989 0.00000000099999999989 0.00000000099999999989 0.00000000099999999989 0.00000000099999999989 
0.99999999400000016969 0.00000000099999999989 0.00000000099999999989 0.00000000099999999989 0.00000000099999999989 0.00000000099999999989 0.00000000099999999989 
0.99999999400000016969 0.00000000099999999987 0.00000000099999999987 0.00000000099999999987 0.00000000099999999987 0.00000000099999999987 0.00000000099999999987 
0.99999999400000016969 0.00000000099999999989 0.00000000099999999989 0.00000000099999999989 0.00000000099999999989 0.00000000099999999989 0.00000000099999999989 
0.99999999400000016969 0.00000000099999999987 0.00000000099999999987 0.00000000099999999987 0.00000000099999999987 0.00000000099999999987 0.00000000099999999987 
0.99999999400000005867 0.00000000099999999989 0.00000000099999999989 0.00000000099999999989 0.00000000099999999989 0.00000000099999999989 0.00000000099999999989 
0.99999999400000016969 0.00000000099999999986 0.00000000099999999986 0.00000000099999999986 0.00000000099999999986 0.00000000099999999986 0.00000000099999999986 
0.99999999400000016969 0.00000000099999999992 0.00000000099999999992 0.00000000099999999992 0.00000000099999999992 0.00000000099999999992 0.00000000099999999992 
0.99999999400000005867 0.00000000099999999989 0.00000000099999999989 0.00000000099999999989 0.00000000099999999989 0.00000000099999999989 0.00000000099999999989 
0.70291096991671753180 0.00000000099999999997 0.15353012838587126732 0.00568389327508600582 0.00000000099999999997 0.07854054333345079908 0.05933446308887453668 
0.68420557324100284013 0.00000000099999999996 0.15088867766378533108 0.01756797098764335124 0.00000000099999999996 0.07390148938936598466 0.07343628671820245923 
0.70588547756139075062 0.00000000099999999997 0.15831866841566510917 0.01247028331202931946 0.00000000099999999997 0.05968342663634725737 0.06364214207456754535 
0.72567094877402738007 0.00000000099999999997 0.13463931686144711697 0.01634375671676838518 0.00000000099999999997 0.08854529987140759284 0.03480067577634956416 
0.72349248686584333168 0.00000000099999999997 0.13798213840814013698 0.00777505494745183486 0.00000000099999999997 0.06527454666179545451 0.06547577111676927686 
0.68243080708780368138 0.00000000099999999998 0.16970277367339497987 0.01837078067644985421 0.00000000099999999998 0.06202232733236204276 0.06747330922998942548 
0.72914713024220501048 0.00000000099999999997 0.14000131404634491572 0.01617945044812692593 0.00000000099999999997 0.05809613008139498380 0.05657597318192806451 
0.69327722766708921309 0.00000000099999999999 0.16840255569240233924 0.01533598016105560888 0.00000000099999999999 0.04898237686134685603 0.07400185761810618157 
0.70314641715163417324 0.00000000099999999997 0.16679898520838443154 0.00646621178151561993 0.00000000099999999997 0.04870481199068664446 0.07488357186777910846 
