0.00000000099999999989 0.00000000099999999989 0.99999999400000005867 0.00000000099999999989 0.00000000099999999989 0.00000000099999999989 0.00000000099999999989 
0.00000000099999999986 0.00000000099999999986 0.99999999399999994765 0.00000000099999999986 0.00000000099999999986 0.00000000099999999986 0.00000000099999999986 
0.00000000099999999983 0.00000000099999999983 0.99999999399999994765 0.00000000099999999983 0.00000000099999999983 0.00000000099999999983 0.00000000099999999983 
0.00000000099999999997 0.00000000099999999997 0.94591986886929724232 0.04908237062483131186 0.00499775642271144127 0.00000000108315993568 0.00000000099999999997 
0.00000000099999999987 0.00000000099999999987 0.99999999399999994765 0.00000000099999999987 0.00000000099999999987 0.00000000099999999987 0.00000000099999999987 
0.00000000099999999984 0.00000000099999999984 0.99999999399999994765 0.00000000099999999984 0.00000000099999999984 0.00000000099999999984 0.00000000099999999984 
0.00000000099999999992 0.00000000099999999992 0.99999999399999994765 0.00000000099999999992 0.00000000099999999992 0.00000000099999999992 0.00000000099999999992 
0.00000000099999999996 0.00000000099999999996 0.75610354775858934495 0.24389644724141057441 0.00000000099999999996 0.00000000099999999996 0.00000000099999999996 
0.00000000099999999985 0.00000000099999999985 0.99999999400000005867 0.00000000099999999985 0.00000000099999999985 0.00000000099999999985 0.00000000099999999985 
0.00000000099999999992 0.00000000099999999992 0.99999999399999994765 0.00000000099999999992 0.00000000099999999992 0.00000000099999999992 0.00000000099999999992 
0.00000000099999999987 0.00000000099999999987 0.99999999400000005867 0.00000000099999999987 0.00000000099999999987 0.00000000099999999987 0.00000000099999999987 
0.00000000099999999995 0.00000000099999999995 0.94290881028869999447 0.05709118471129995265 0.00000000099999999995 0.00000000099999999995 0.00000000099999999995 
0.00000000099999999986 0.00000000099999999986 0.99999999399999994765 0.00000000099999999986 0.00000000099999999986 0.00000000099999999986 0.00000000099999999986 
0.00000000099999999981 0.00000000099999999981 0.99999999399999994765 0.00000000099999999981 0.00000000099999999981 0.00000000099999999981 0.00000000099999999981 
0.00000000099999999978 0.00000000099999999978 0.99999999400000005867 0.00000000099999999978 0.00000000099999999978 0.00000000099999999978 0.00000000099999999978 
0.00000000099999999980 0.00000000099999999980 0.99999999399999994765 0.00000000099999999980 0.00000000099999999980 0.00000000099999999980 0.00000000099999999980 
0.00000000099999999979 0.00000000099999999979 0.99999999399999994765 0.00000000099999999979 0.00000000099999999979 0.00000000099999999979 0.00000000099999999979 
0.00000000099999999980 0.00000000099999999980 0.99999999399999994765 0.00000000099999999980 0.00000000099999999980 0.00000000099999999980 0.00000000099999999980 
0.00000000099999999979 0.00000000099999999979 0.99999999400000005867 0.00000000099999999979 0.00000000099999999979 0.00000000099999999979 0.00000000099999999979 
0.00000000099999999977 0.00000000099999999977 0.99999999399999994765 0.00000000099999999977 0.00000000099999999977 0.00000000099999999977 0.00000000099999999977 
0.00000000099999999979 0.00000000099999999979 0.99999999400000005867 0.00000000099999999979 0.00000000099999999979 0.00000000099999999979 0.00000000099999999979 
0.00000000099999999979 0.00000000099999999979 0.99999999399999994765 0.00000000099999999979 0.00000000099999999979 0.00000000099999999979 0.00000000099999999979 
0.00000000099999999980 0.00000000099999999980 0.99999999399999994765 0.00000000099999999980 0.00000000099999999980 0.00000000099999999980 0.00000000099999999980 
0.00000000099999999977 0.00000000099999999977 0.99999999399999994765 0.00000000099999999977 0.00000000099999999977 0.00000000099999999977 0.00000000099999999977 
0.00000000099999999982 0.00000000099999999982 0.99999999399999994765 0.00000000099999999982 0.00000000099999999982 0.00000000099999999982 0.00000000099999999982 
0.00000000099999999981 0.00000000099999999981 0.99999999400000005867 0.00000000099999999981 0.00000000099999999981 0.00000000099999999981 0.00000000099999999981 
0.00000000099999999980 0.00000000099999999980 0.99999999400000005867 0.00000000099999999980 0.00000000099999999980 0.00000000099999999980 0.00000000099999999980 
0.95929306625093646588 0.00000000099999999998 0.00000000099999999998 0.04070692874906358533 0.00000000099999999998 0.00000000099999999998 0.00000000099999999998 
0.84441323558243175373 0.00000000099999999997 0.00000000099999999997 0.04368628223246271564 0.00000000099999999997 0.00000000099999999997 0.11190047818510558131 
0.99999999400000016969 0.00000000099999999998 0.00000000099999999998 0.00000000099999999998 0.00000000099999999998 0.00000000099999999998 0.00000000099999999998 
0.99999914303796122450 0.00000000099999999999 0.00000000099999999999 0.00000085196203880673 0.00000000099999999999 0.00000000099999999999 0.00000000099999999999 
0.00000000099999999995 0.00000000099999999995 0.00000000099999999995 0.92786543600411675037 0.00017559893570727781 0.07195896106017586613 0.00000000099999999995 
0.50511656411138194933 0.00000000099999999997 0.00000000099999999997 0.45845738140473318856 0.00000036820965471433 0.03642568327423024999 0.00000000099999999997 
0.81632977077228696672 0.00000000099999999998 0.00000000099999999998 0.11589412665696569027 0.00000000099999999998 0.00000000099999999998 0.06777609857074745614 
0.99999999400000005867 0.00000000099999999998 0.00000000099999999998 0.00000000099999999998 0.00000000099999999998 0.00000000099999999998 0.00000000099999999998 
0.99999999400000005867 0.00000000099999999996 0.00000000099999999996 0.00000000099999999996 0.00000000099999999996 0.00000000099999999996 0.00000000099999999996 
0.98699836517181349649 0.00000000099999999999 0.01144248519093870632 0.00147235227529377011 0.00000000099999999999 0.00000000099999999999 0.00008679436195412720 
0.97388510514938297913 0.00000000099999999999 0.00835029663756272668 0.00000000099999999999 0.00000000099999999999 0.00000000099999999999 0.01776459421305455824 
0.99424298285322554314 0.00000000099999999999 0.00575587595858946012 0.00000113718818508069 0.00000000099999999999 0.00000000099999999999 0.00000000099999999999 
0.97401853419639272680 0.00000000099999999997 0.00000000099999999997 0.00000000099999999997 0.00000000099999999997 0.00000000099999999997 0.02598146080360731400 
0.98521657614554492000 0.00000000099999999996 0.00000000099999999996 0.00000000099999999996 0.00000000099999999996 0.00000000099999999996 0.01478341885445509998 
0.85941228924192969441 0.00000000099999999999 0.00000000099999999999 0.08507238265709574088 0.00000000099999999999 0.00000000099999999999 0.05551532410097474723 
0.00000000099999999995 0.00000000099999999995 0.00000000099999999995 0.93291190221194719712 0.00000000099999999995 0.06708809278805283327 0.00000000099999999995 
0.58397877498877959201 0.00000000099999999997 0.00000000099999999997 0.37773568292798864743 0.03828553808323187369 0.00000000099999999997 0.00000000099999999997 
0.87676199549016164969 0.00000000099999999998 0.00000000099999999998 0.08496415440334045832 0.00000000099999999998 0.00000000099999999998 0.03827384610649810226 
0.97066038747479088666 0.00000000099999999997 0.00000000099999999997 0.00000000099999999997 0.00000000099999999997 0.00000000099999999997 0.02933960752520931720 
0.96055289594976867029 0.00000000099999999998 0.00000000099999999998 0.00000019336951670039 0.00000000099999999998 0.00000000099999999998 0.03944690668071480083 
0.96811433838653415673 0.00000000099999999998 0.00000000099999999998 0.00000000099999999998 0.00000000099999999998 0.00000000099999999998 0.03188565661346601937 
0.84805673977740525515 0.00000000099999999998 0.00000000099999999998 0.06847902264620925328 0.00000000099999999998 0.00000000099999999998 0.08346423357638564633 
0.99997658399535604978 0.00000000099999999998 0.00000000099999999998 0.00002341100464415103 0.00000000099999999998 0.00000000099999999998 0.00000000099999999998 
0.94938031046316839756 0.00000000099999999996 0.00000000099999999996 0.00000000099999999996 0.00000000099999999996 0.00000000099999999996 0.05061968453683179242 
0.99999999400000016969 0.00000000099999999995 0.00000000099999999995 0.00000000099999999995 0.00000000099999999995 0.00000000099999999995 0.00000000099999999995 
0.05444329091282464061 0.00000000099999999997 0.00000000099999999997 0.66535401358754531209 0.00000000099999999997 0.00000000099999999997 0.28020269149963006328 
0.00000000099999999993 0.00000000099999999993 0.00000000099999999993 0.99999999400000005867 0.00000000099999999993 0.00000000099999999993 0.00000000099999999993 
0.00000000099999999997 0.00000000099999999997 0.00000000099999999997 0.99999999399999994765 0.00000000099999999997 0.00000000099999999997 0.00000000099999999997 
0.00000000099999999994 0.00000000099999999994 0.00000000099999999994 0.72854972011131990950 0.00000000099999999994 0.00000000099999999994 0.27145027488868000987 
0.00000000099999999995 0.00000000099999999995 0.00000000099999999995 0.66246784852051998627 0.00000000099999999995 0.00000000099999999995 0.33753214647948009963 
0.01119843273044858478 0.00000000099999999995 0.00000000099999999995 0.67978399212751738911 0.00000000099999999995 0.00000000099999999995 0.30901757114203409760 
0.00000000099999999995 0.00000000099999999995 0.00000000099999999995 0.67072338291148336786 0.00000000099999999995 0.00000000099999999995 0.32927661208851666252 
0.00003016971005932189 0.00000000099999999997 0.00000000099999999997 0.69649421491951235552 0.00000000099999999997 0.00000000099999999997 0.30347561137042844415 
0.00000000099999999993 0.00000000099999999993 0.00000000099999999993 0.68705528252285419377 0.00000000099999999993 0.00000000099999999993 0.31294471247714594764 
0.00000000099999999995 0.00000000099999999995 0.00000000099999999995 0.67815961583064598983 0.00000000099999999995 0.00000000099999999995 0.32184037916935415158 
0.00000000099999999994 0.00000000099999999994 0.00000000099999999994 0.66154864807241209324 0.00000000099999999994 0.00000000099999999994 0.33845134692758793715 
0.00000000099999999996 0.00000000099999999996 0.00000000099999999996 0.70305960914800236239 0.00000000099999999996 0.00000000099999999996 0.29694038585199772351 
0.00000000099999999995 0.00000000099999999995 0.00000000099999999995 0.70165017797484596773 0.00000000099999999995 0.00000000099999999995 0.29834981702515411817 
0.00000000099999999995 0.00000000099999999995 0.00000000099999999995 0.97588598248172031546 0.00000000099999999995 0.02411401251827966288 0.00000000099999999995 
0.00000000099999999999 0.00000000099999999999 0.00000000099999999999 0.97729578665444749586 0.00000000503292683609 0.02270420431262559421 0.00000000099999999999 
0.00000000099999999995 0.00000000099999999995 0.00000000099999999995 0.67569783289943208260 0.00000000099999999995 0.00000000099999999995 0.32430216210056789228 
0.00000000099999999995 0.00000000099999999995 0.00000000099999999995 0.64199914539354940857 0.00000000099999999995 0.00000000099999999995 0.35800084960645067733 
0.00000000099999999995 0.00000000099999999995 0.00000000099999999995 0.67231418296401657120 0.00000000099999999995 0.00000000099999999995 0.32768581203598340368 
0.00000000099999999993 0.00000000099999999993 0.00000000099999999993 0.66444197952607808588 0.00000000099999999993 0.00000000099999999993 0.33555801547392188899 
0.00000000099999999995 0.00000000099999999995 0.00000000099999999995 0.67554105433592726015 0.00000000099999999995 0.00000000099999999995 0.32445894066407271472 
0.00000000099999999994 0.00000000099999999994 0.00000000099999999994 0.00000000099999999994 0.00000000099999999994 0.68071313433399527337 0.31928686066600475701 
0.00000000099999999994 0.00000000099999999994 0.00000000099999999994 0.00000000099999999994 0.00000000099999999994 0.68642355498451235185 0.31357644001548778956 
0.00000000099999999995 0.00000000099999999995 0.00000000099999999995 0.00000000099999999995 0.00000000099999999995 0.66939107032749411985 0.33060892467250591054 
0.00000000099999999994 0.00000000099999999994 0.00000000099999999994 0.00000000099999999994 0.00000000099999999994 0.67637149749714575719 0.32362849750285427319 
0.00000000099999999995 0.00000000099999999995 0.00000000099999999995 0.00000000099999999995 0.00000000099999999995 0.66096671063920642286 0.33903328436079349650 
0.00000000099999999993 0.00000000099999999993 0.00000000099999999993 0.00000000099999999993 0.00000000099999999993 0.67144590594480468848 0.32855408905519523088 
0.00000000099999999998 0.00267215729807771668 0.00293700378260480354 0.00000000099999999998 0.00000000099999999998 0.79433735699917606965 0.20005347892014130329 
0.00000000099999999996 0.00000000099999999996 0.00000000099999999996 0.00000000099999999996 0.00000000099999999996 0.77036967275267720368 0.22963032224732282671 
0.00000000099999999994 0.00000000099999999994 0.00000000099999999994 0.00000000099999999994 0.00000000099999999994 0.65962330664909574196 0.34037668835090428843 
0.00000000099999999995 0.00000000099999999995 0.00000000099999999995 0.00000000099999999995 0.00000000099999999995 0.69101840289504645742 0.30898159210495351745 
0.00000000099999999996 0.00000000099999999996 0.00000000099999999996 0.00000000099999999996 0.00000000099999999996 0.69428118814789774316 0.30571880685210228723 
0.00000000099999999996 0.00000000099999999996 0.00000000099999999996 0.00000000099999999996 0.00000000099999999996 0.67096020606671058495 0.32903978893328950095 
0.00000000099999999993 0.00000000099999999993 0.00000000099999999993 0.00000000099999999993 0.00000000099999999993 0.67273210605602984380 0.32726788894397018659 
0.00000000099999999995 0.00000000099999999995 0.00000000099999999995 0.00000000099999999995 0.00000000099999999995 0.66943052594717888937 0.33056946905282125204 
0.00000000099999999997 0.00000000099999999997 0.00000000099999999997 0.00000000099999999997 0.00000000099999999997 0.99999999399999994765 0.00000000099999999997 
0.00000000099999999997 0.00404676413708548489 0.00000000099999999997 0.00000000099999999997 0.02212222505912723666 0.74937149907830891138 0.22445950872547829058 
0.00000000099999999995 0.00000000099999999995 0.00000000099999999995 0.00000000099999999995 0.00000000099999999995 0.72224704724283073087 0.27775294775716929951 
0.00000000099999999996 0.00000000099999999996 0.00000000099999999996 0.00000000099999999996 0.00000000099999999996 0.67871785524327132855 0.32128213975672875735 
0.00000000099999999994 0.00000000099999999994 0.00000000099999999994 0.00000000099999999994 0.00000000099999999994 0.66864503428428856413 0.33135496071571146626 
0.00000000099999999995 0.00000000099999999995 0.00000000099999999995 0.00000000099999999995 0.00000000099999999995 0.67008691678743748099 0.32991307821256249388 
0.00000000099999999995 0.00000000099999999995 0.00000000099999999995 0.00000000099999999995 0.00000000099999999995 0.70837062476419410118 0.29162937023580598472 
0.00000000099999999995 0.00000000099999999995 0.00000000099999999995 0.00000000099999999995 0.00000000099999999995 0.73368512787922679497 0.26631486712077334644 
0.00000000099999999996 0.00000000099999999996 0.00000000099999999996 0.00000000099999999996 0.00000000099999999996 0.75732585671805241478 0.24267413828194758785 
0.00000000099999999995 0.00000000099999999995 0.00000000099999999995 0.00000000099999999995 0.00000000099999999995 0.99999999400000005867 0.00000000099999999995 
0.00000000099999999998 0.00000000099999999998 0.00000000099999999998 0.00000000099999999998 0.00177405884355823630 0.83335261645444547174 0.16487332070199633982 
0.00000000099999999999 0.01417031694295114823 0.00000008315526711200 0.00000000099999999999 0.00000000099999999999 0.84998969370594235073 0.13583990319583941209 
0.00000000099999999996 0.00000000099999999996 0.00000000099999999996 0.00000000099999999996 0.00000000099999999996 0.99999999399999994765 0.00000000099999999996 
0.00000000099999999995 0.00000000099999999995 0.00000000099999999995 0.00000000099999999995 0.00000000099999999995 0.70110593166802603893 0.29889406333197410248 
0.00000000099999999997 0.00000000099999999997 0.00000000099999999997 0.00000000099999999997 0.00000029083008505358 0.99999970416991501576 0.00000000099999999997 
0.00000000099999999996 0.00000000099999999996 0.00000000099999999996 0.00000000099999999996 0.00000000099999999996 0.75315473356403705996 0.24684526143596280390 
0.00000000099999999997 0.00000000099999999997 0.00000000099999999997 0.00000000099999999997 0.00000000099999999997 0.78545921142255892278 0.21454078357744110761 
0.00000000099999999995 0.00000000099999999995 0.00000000099999999995 0.00000000099999999995 0.00000000099999999995 0.72111224989801081531 0.27888774510198910406 
0.00000000099999999997 0.00000000099999999997 0.00000000099999999997 0.00000000099999999997 0.00000000099999999997 0.80867107561563111862 0.19132891938436891177 
0.00000000099999999998 0.00000000099999999998 0.00000000099999999998 0.00000000099999999998 0.00000000513246721192 0.99999998986753280139 0.00000000099999999998 
0.00000000099999999993 0.00000000099999999993 0.00000000099999999993 0.00000000099999999993 0.00000000099999999993 0.99999999399999994765 0.00000000099999999993 
0.00000000099999999994 0.00000000099999999994 0.00000000099999999994 0.00000000099999999994 0.00000000099999999994 0.99999999399999994765 0.00000000099999999994 
0.00000000099999999998 0.00000000099999999998 0.00000000099999999998 0.00000000099999999998 0.00532054793586458387 0.79281681057306252480 0.20186263749107291599 
0.00000000099999999997 0.00000000099999999997 0.00000000099999999997 0.00000000099999999997 0.00000000099999999997 0.73054194794848203998 0.26945804705151793490 
0.00000000099999999999 0.00000000099999999999 0.01914681101324237911 0.00000000099999999999 0.00000000099999999999 0.98085318398675758189 0.00000000099999999999 
0.00000000099999999995 0.00000000099999999995 0.00000000099999999995 0.00000000099999999995 0.00000000099999999995 0.73806554604300378397 0.26193444895699619090 
0.00000000099999999984 0.99999999400000016969 0.00000000099999999984 0.00000000099999999984 0.00000000099999999984 0.00000000099999999984 0.00000000099999999984 
0.00000000099999999977 0.99999999400000005867 0.00000000099999999977 0.00000000099999999977 0.00000000099999999977 0.00000000099999999977 0.00000000099999999977 
0.00000000099999999979 0.99999999400000016969 0.00000000099999999979 0.00000000099999999979 0.00000000099999999979 0.00000000099999999979 0.00000000099999999979 
0.00000000099999999983 0.99999999400000016969 0.00000000099999999983 0.00000000099999999983 0.00000000099999999983 0.00000000099999999983 0.00000000099999999983 
0.00000000099999999984 0.99999999400000016969 0.00000000099999999984 0.00000000099999999984 0.00000000099999999984 0.00000000099999999984 0.00000000099999999984 
0.00000000099999999977 0.99999999400000005867 0.00000000099999999977 0.00000000099999999977 0.00000000099999999977 0.00000000099999999977 0.00000000099999999977 
0.00000000099999999985 0.99999999400000016969 0.00000000099999999985 0.00000000099999999985 0.00000000099999999985 0.00000000099999999985 0.00000000099999999985 
0.00000000099999999981 0.99999999400000005867 0.00000000099999999981 0.00000000099999999981 0.00000000099999999981 0.00000000099999999981 0.00000000099999999981 
0.00000000099999999993 0.00000000099999999993 0.00000000099999999993 0.00000000099999999993 0.77545204465117500980 0.00000000099999999993 0.22454795034882513161 
0.00000000099999999994 0.00000000099999999994 0.00000000099999999994 0.00000000099999999994 0.79831620361162136668 0.00000000099999999994 0.20168379138837874698 
0.00000000099999999995 0.00000000099999999995 0.00000000099999999995 0.00000000099999999995 0.77615947603542001509 0.00000000099999999995 0.22384051896457993203 
0.00000000099999999990 0.00000000099999999990 0.00000000099999999990 0.00000000099999999990 0.99999999400000005867 0.00000000099999999990 0.00000000099999999990 
0.00000000099999999991 0.00000000099999999991 0.00000000099999999991 0.00000000099999999991 0.77302370250972973764 0.00000000099999999991 0.22697629249027043152 
0.00000000099999999998 0.05880887039084268381 0.02623931442990371302 0.00000000099999999998 0.69850880368424483891 0.00000000099999999998 0.21644300849500874850 
0.00000000099999999995 0.00000000099999999995 0.00000000099999999995 0.00000000099999999995 0.77209166226926384535 0.00000000099999999995 0.22790833273073618503 
0.00000000099999999994 0.00000000099999999994 0.00000000099999999994 0.00000000099999999994 0.76759013220868577143 0.00000000099999999994 0.23240986279131436998 
0.00000000099999999995 0.00000000099999999995 0.00000000099999999995 0.00000000099999999995 0.74827173278371106324 0.00000000099999999995 0.25172826221628896715 
0.00000000099999999992 0.00000000099999999992 0.00000000099999999992 0.00000000099999999992 0.79482809791437070146 0.00000000099999999992 0.20517189708562927342 
0.00000000099999999990 0.00000000099999999990 0.00000000099999999990 0.00000000099999999990 0.99999999400000005867 0.00000000099999999990 0.00000000099999999990 
0.00000000099999999989 0.00000000099999999989 0.00000000099999999989 0.00000000099999999989 0.99999999399999994765 0.00000000099999999989 0.00000000099999999989 
