0.00000000099999999985 0.00000000099999999985 0.00000000099999999985 0.00000000099999999985 0.00000000099999999985 0.00000000099999999985 0.24398078606445547378 0.75601920793554455713 
0.00000000099999999984 0.00000000099999999984 0.00000000099999999984 0.00000000099999999984 0.00000000099999999984 0.00000000099999999984 0.19662941454183846535 0.80337057945816159332 
0.00000000099999999982 0.00000000099999999982 0.00000000099999999982 0.00000000099999999982 0.00000000099999999982 0.00000000099999999982 0.00000000099999999982 0.99999999299999997593 
0.00000000099999999964 0.00000000099999999964 0.00000000099999999964 0.00000000099999999964 0.00000000099999999964 0.00000000099999999964 0.99999999299999986491 0.00000000099999999964 
0.00000000099999999982 0.00000000099999999982 0.00000000099999999982 0.00000000099999999982 0.00000000099999999982 0.00000000099999999982 0.27760468251686126750 0.72239531148313873565 
0.00000000099999999981 0.00000000099999999981 0.00000000099999999981 0.00000000099999999981 0.00000000099999999981 0.00000000099999999981 0.24665872913098016439 0.75334126486901986652 
0.00000000099999999983 0.00000000099999999983 0.00000000099999999983 0.00000000099999999983 0.00000000099999999983 0.00000000099999999983 0.42272049043588749706 0.57727950356411261712 
0.00000000099999999980 0.00000000099999999980 0.00000000099999999980 0.00000000099999999980 0.00000000099999999980 0.00000000099999999980 0.99999999299999997593 0.00000000099999999980 
0.00000000099999999978 0.00000000099999999978 0.00000000099999999978 0.00000000099999999978 0.00000000099999999978 0.00000000099999999978 0.38250542024669031971 0.61749457375330962794 
0.00000000099999999983 0.00000000099999999983 0.00000000099999999983 0.00000000099999999983 0.00000000099999999983 0.00000000099999999983 0.46984138892694882195 0.53015860507305123672 
0.00000000099999999983 0.00000000099999999983 0.00000000099999999983 0.00000000099999999983 0.00000000099999999983 0.00000000099999999983 0.27228293572648304410 0.72771705827351695905 
0.00000000099999999968 0.00000000099999999968 0.00000000099999999968 0.00000000099999999968 0.00000000099999999968 0.00000000099999999968 0.99999999299999997593 0.00000000099999999968 
0.00000000099999999983 0.00000000099999999983 0.00000000099999999983 0.00000000099999999983 0.00000000099999999983 0.00000000099999999983 0.24050915106012515920 0.75949084293987489946 
0.00000000099999999980 0.00000000099999999980 0.00000000099999999980 0.00000000099999999980 0.00000000099999999980 0.00000000099999999980 0.00000000099999999980 0.99999999299999997593 
0.00000000099999999976 0.00000000099999999976 0.00000000099999999976 0.00000000099999999976 0.00000000099999999976 0.00000000099999999976 0.00000000099999999976 0.99999999300000008695 
0.00000000099999999980 0.00000000099999999980 0.00000000099999999980 0.00000000099999999980 0.00000000099999999980 0.00000000099999999980 0.00000000099999999980 0.99999999300000008695 
0.00000000099999999979 0.00000000099999999979 0.00000000099999999979 0.00000000099999999979 0.00000000099999999979 0.00000000099999999979 0.00000000099999999979 0.99999999300000008695 
0.00000000099999999979 0.00000000099999999979 0.00000000099999999979 0.00000000099999999979 0.00000000099999999979 0.00000000099999999979 0.00000000099999999979 0.99999999299999997593 
0.00000000099999999976 0.00000000099999999976 0.00000000099999999976 0.00000000099999999976 0.00000000099999999976 0.00000000099999999976 0.00000000099999999976 0.99999999300000008695 
0.00000000099999999974 0.00000000099999999974 0.00000000099999999974 0.00000000099999999974 0.00000000099999999974 0.00000000099999999974 0.00000000099999999974 0.99999999300000008695 
0.00000000099999999977 0.00000000099999999977 0.00000000099999999977 0.00000000099999999977 0.00000000099999999977 0.00000000099999999977 0.00000000099999999977 0.99999999299999997593 
0.00000000099999999979 0.00000000099999999979 0.00000000099999999979 0.00000000099999999979 0.00000000099999999979 0.00000000099999999979 0.00000000099999999979 0.99999999299999997593 
0.00000000099999999978 0.00000000099999999978 0.00000000099999999978 0.00000000099999999978 0.00000000099999999978 0.00000000099999999978 0.00000000099999999978 0.99999999299999997593 
0.00000000099999999977 0.00000000099999999977 0.00000000099999999977 0.00000000099999999977 0.00000000099999999977 0.00000000099999999977 0.00000000099999999977 0.99999999299999997593 
0.00000000099999999981 0.00000000099999999981 0.00000000099999999981 0.00000000099999999981 0.00000000099999999981 0.00000000099999999981 0.00000000099999999981 0.99999999300000008695 
0.00000000099999999981 0.00000000099999999981 0.00000000099999999981 0.00000000099999999981 0.00000000099999999981 0.00000000099999999981 0.00000000099999999981 0.99999999300000008695 
0.00000000099999999978 0.00000000099999999978 0.00000000099999999978 0.00000000099999999978 0.00000000099999999978 0.00000000099999999978 0.00000000099999999978 0.99999999299999997593 
0.00000000099999999995 0.69101517650116450753 0.00000000099999999995 0.29024990719356957847 0.00000000099999999995 0.01873491130526612827 0.00000000099999999995 0.00000000099999999995 
0.00000000099999999996 0.57618475927029155770 0.00000000099999999996 0.32137970831423828821 0.00000000099999999996 0.10243552741547028162 0.00000000099999999996 0.00000000099999999996 
0.00000000099999999996 0.70069476656756723987 0.00000000099999999996 0.29930522743243287431 0.00000000099999999996 0.00000000099999999996 0.00000000099999999996 0.00000000099999999996 
0.00000000099999999997 0.69842383596656543165 0.00000000099999999997 0.30157615582239594154 0.00000000099999999997 0.00000000321103887011 0.00000000099999999997 0.00000000099999999997 
0.00000000099999999991 0.98861409204615868784 0.00000000099999999991 0.00000000099999999991 0.01138590195384136215 0.00000000099999999991 0.00000000099999999991 0.00000000099999999991 
0.00000000099999999994 0.99142701423198664745 0.00000000099999999994 0.00000000099999999994 0.00857297976801344765 0.00000000099999999994 0.00000000099999999994 0.00000000099999999994 
0.00000000099999999996 0.63421460933634810075 0.00000000099999999996 0.31349132846606186931 0.00000000099999999996 0.05229405719759028237 0.00000000099999999996 0.00000000099999999996 
0.00000000099999999995 0.70195864517814210437 0.00000000099999999995 0.29804134882185812083 0.00000000099999999995 0.00000000099999999995 0.00000000099999999995 0.00000000099999999995 
0.00000000099999999995 0.70861236904468538622 0.00000000099999999995 0.29138762495531461694 0.00000000099999999995 0.00000000099999999995 0.00000000099999999995 0.00000000099999999995 
0.00000000099999999997 0.68129813997333754649 0.00000000099999999997 0.31742463718690727692 0.00000000099999999997 0.00127721783975530390 0.00000000099999999997 0.00000000099999999997 
0.00000000099999999997 0.66996017296046916911 0.00000000099999999997 0.33003982103953111160 0.00000000099999999997 0.00000000099999999997 0.00000000099999999997 0.00000000099999999997 
0.00000000099999999997 0.67830605517400055504 0.00000000099999999997 0.32169393882599967016 0.00000000099999999997 0.00000000099999999997 0.00000000099999999997 0.00000000099999999997 
0.00000000099999999994 0.67700387757396396360 0.00000000099999999994 0.32299526377524817589 0.00000000099999999994 0.00000085365078803886 0.00000000099999999994 0.00000000099999999994 
0.00000000099999999994 0.67345316297166191166 0.00000000099999999994 0.32654683102833820252 0.00000000099999999994 0.00000000099999999994 0.00000000099999999994 0.00000000099999999994 
0.00000000099999999997 0.67192138798239753328 0.00000000099999999997 0.32791380271399883650 0.00000000099999999997 0.00016480430360375759 0.00000000099999999997 0.00000000099999999997 
0.00000000099999999991 0.99999999300000008695 0.00000000099999999991 0.00000000099999999991 0.00000000099999999991 0.00000000099999999991 0.00000000099999999991 0.00000000099999999991 
0.00000000099999999997 0.99999999300000008695 0.00000000099999999997 0.00000000099999999997 0.00000000099999999997 0.00000000099999999997 0.00000000099999999997 0.00000000099999999997 
0.00000000099999999996 0.70566627273069393311 0.00000000099999999996 0.29433356364196194832 0.00000000099999999996 0.00000015862734428973 0.00000000099999999996 0.00000000099999999996 
0.00000000099999999994 0.66011415598858391718 0.00000000099999999994 0.33988583801141630802 0.00000000099999999994 0.00000000099999999994 0.00000000099999999994 0.00000000099999999994 
0.00000000099999999996 0.66116553454335602602 0.00000000099999999996 0.33874232386443919873 0.00000000099999999996 0.00009213659220486006 0.00000000099999999996 0.00000000099999999996 
0.00000000099999999995 0.65903405015632710029 0.00000000099999999995 0.34096594384367318042 0.00000000099999999995 0.00000000099999999995 0.00000000099999999995 0.00000000099999999995 
0.00000000099999999996 0.63655229776469901548 0.00000000099999999996 0.31775057104734610869 0.00000000099999999996 0.04569712618795505887 0.00000000099999999996 0.00000000099999999996 
0.00000000099999999996 0.69823092875289649584 0.00000000099999999996 0.30176906417444504527 0.00000000099999999996 0.00000000207265845813 0.00000000099999999996 0.00000000099999999996 
0.00000000099999999994 0.66047789459398142942 0.00000000099999999994 0.33952209940601874028 0.00000000099999999994 0.00000000099999999994 0.00000000099999999994 0.00000000099999999994 
0.00000000099999999994 0.69884065038621168142 0.00000000099999999994 0.30115934361378848827 0.00000000099999999994 0.00000000099999999994 0.00000000099999999994 0.00000000099999999994 
0.00000000099999999999 0.16713151291683439603 0.00000000099999999999 0.05896236489705181105 0.00000000099999999999 0.77390153587180088302 0.00000000099999999999 0.00000458231431285347 
0.00000000099999999994 0.93732972087358057411 0.00000000099999999994 0.00000000099999999994 0.06267027312641963721 0.00000000099999999994 0.00000000099999999994 0.00000000099999999994 
0.00000000099999999996 0.42288348619036675302 0.00000000099999999996 0.00000000099999999996 0.05023069724829407751 0.52688581156133917904 0.00000000099999999996 0.00000000099999999996 
0.00000000099999999993 0.00000000099999999993 0.00000000099999999993 0.00000000099999999993 0.00000000099999999993 0.99999999300000008695 0.00000000099999999993 0.00000000099999999993 
0.00000000099999999996 0.00000000099999999996 0.00000000099999999996 0.03290146631674790295 0.00000000099999999996 0.96709852768325210715 0.00000000099999999996 0.00000000099999999996 
0.00000000099999999997 0.13109184876932325481 0.00000000099999999997 0.03970262050895606576 0.00000000099999999997 0.82920552572172079309 0.00000000099999999997 0.00000000099999999997 
0.00000000099999999995 0.00000000099999999995 0.00000000099999999995 0.00000000099999999995 0.00000000099999999995 0.99999999300000008695 0.00000000099999999995 0.00000000099999999995 
0.00000003891194287171 0.18201614653502415364 0.00000000099999999999 0.07840255226723603921 0.00000000099999999999 0.73951549099777191820 0.00006576828802512216 0.00000000099999999999 
0.00000000099999999992 0.00000000099999999992 0.00000000099999999992 0.00000000099999999992 0.00000000099999999992 0.99999999299999997593 0.00000000099999999992 0.00000000099999999992 
0.00000000099999999996 0.00000000099999999996 0.00000000099999999996 0.00000000099999999996 0.00000000099999999996 0.99999999300000008695 0.00000000099999999996 0.00000000099999999996 
0.00000000099999999995 0.00000025714648929078 0.00000000099999999995 0.02413177825247899214 0.00000000099999999995 0.97586795960103178693 0.00000000099999999995 0.00000000099999999995 
0.00000000099999999996 0.00000000099999999996 0.00000000099999999996 0.00000000099999999996 0.00000000099999999996 0.99999999300000008695 0.00000000099999999996 0.00000000099999999996 
0.00000000099999999997 0.13221948520198639754 0.00000000099999999997 0.03565510965754936645 0.00000000099999999997 0.83212540014046421089 0.00000000099999999997 0.00000000099999999997 
0.00000000099999999996 0.62355187371641773719 0.00000000099999999996 0.00000000099999999996 0.12164040046930665873 0.25480772081427566222 0.00000000099999999996 0.00000000099999999996 
0.00000000099999999997 0.40904611739840845974 0.00000000099999999997 0.00000000099999999997 0.04131540100525100956 0.51960963084012157243 0.03002884675621877303 0.00000000099999999997 
0.00000000099999999998 0.12798831714200192833 0.00000000099999999998 0.06991894882222701724 0.00000000099999999998 0.80209272903577111258 0.00000000099999999998 0.00000000099999999998 
0.00000000099999999996 0.00000000099999999996 0.00000000099999999996 0.02958880581719492558 0.00000000099999999996 0.97041118818280514002 0.00000000099999999996 0.00000000099999999996 
0.00000000099999999996 0.00000000099999999996 0.00000000099999999996 0.00556641237324439521 0.00000000099999999996 0.99443358162675554723 0.00000000099999999996 0.00000000099999999996 
0.00000000099999999993 0.00000000099999999993 0.00000000099999999993 0.00000000099999999993 0.00000000099999999993 0.99999999299999997593 0.00000000099999999993 0.00000000099999999993 
0.00000000099999999996 0.00000000099999999996 0.00000000099999999996 0.00000000099999999996 0.00000000099999999996 0.99999999299999997593 0.00000000099999999996 0.00000000099999999996 
0.00000000099999999993 0.00000000099999999993 0.00000000099999999993 0.36571990831475631456 0.63428008568524363309 0.00000000099999999993 0.00000000099999999993 0.00000000099999999993 
0.00000000099999999993 0.00000000099999999993 0.00000000099999999993 0.36517663167325226103 0.63482336232674774212 0.00000000099999999993 0.00000000099999999993 0.00000000099999999993 
0.00000000099999999994 0.00000000099999999994 0.00000000099999999994 0.37240595603921489154 0.62759403796078516713 0.00000000099999999994 0.00000000099999999994 0.00000000099999999994 
0.00000000099999999993 0.00000000099999999993 0.00000000099999999993 0.37048124257610770549 0.62951875142389213114 0.00000000099999999993 0.00000000099999999993 0.00000000099999999993 
0.00000000099999999994 0.00000000099999999994 0.00000000099999999994 0.38221168236222974324 0.61778831163777014890 0.00000000099999999994 0.00000000099999999994 0.00000000099999999994 
0.00000000099999999992 0.00000000099999999992 0.00000000099999999992 0.37263841867487845771 0.62736157532512137891 0.00000000099999999992 0.00000000099999999992 0.00000000099999999992 
0.00000000099999999998 0.00000000099999999998 0.00068581289245188274 0.24198556173148716431 0.75145056841860269348 0.00000000099999999998 0.00000000099999999998 0.00587805295745838421 
0.00000000099999999995 0.00000000099999999995 0.00000000099999999995 0.26368420142227427805 0.73631579257772572511 0.00000000099999999995 0.00000000099999999995 0.00000000099999999995 
0.00000000099999999993 0.00000000099999999993 0.00000000099999999993 0.38213007815167615577 0.61786991584832373636 0.00000000099999999993 0.00000000099999999993 0.00000000099999999993 
0.00000000099999999995 0.00000000099999999995 0.00000000099999999995 0.34312285463367803162 0.65687713936632197154 0.00000000099999999995 0.00000000099999999995 0.00000000099999999995 
0.00000000099999999996 0.00000000099999999996 0.00000000099999999996 0.34854560873488754646 0.65145436963321712298 0.00000000099999999996 0.00000001663189534760 0.00000000099999999996 
0.00000000099999999995 0.00000000099999999995 0.00000000099999999995 0.36990755025308758031 0.63009244374691242285 0.00000000099999999995 0.00000000099999999995 0.00000000099999999995 
0.00000000099999999992 0.00000000099999999992 0.00000000099999999992 0.37693051964600809978 0.62306947435399184787 0.00000000099999999992 0.00000000099999999992 0.00000000099999999992 
0.00000000099999999995 0.00000000099999999995 0.00000000099999999995 0.36328897914154795190 0.63671101485845205126 0.00000000099999999995 0.00000000099999999995 0.00000000099999999995 
0.00000000099999999998 0.00000000099999999998 0.00000000099999999998 0.10122653051334173924 0.88399719531662379612 0.00000000099999999998 0.01477626917003443778 0.00000000099999999998 
0.01243999230559659358 0.00000000099999999996 0.00414248925044652383 0.27485681040689635690 0.70856070403706039595 0.00000000099999999996 0.00000000099999999996 0.00000000099999999996 
0.00000000099999999995 0.00000000099999999995 0.00000000099999999995 0.32108801332490877201 0.67891198067509128666 0.00000000099999999995 0.00000000099999999995 0.00000000099999999995 
0.00000000099999999995 0.00000000099999999995 0.00000000099999999995 0.37156191739094451831 0.62843807660905548484 0.00000000099999999995 0.00000000099999999995 0.00000000099999999995 
0.00000000099999999993 0.00000000099999999993 0.00000000099999999993 0.37756969408701585023 0.62243029991298404191 0.00000000099999999993 0.00000000099999999993 0.00000000099999999993 
0.00000000099999999995 0.00000000099999999995 0.00000000099999999995 0.37674472476828668732 0.62325526923171337135 0.00000000099999999995 0.00000000099999999995 0.00000000099999999995 
0.00000000099999999994 0.00000000099999999994 0.00000000099999999994 0.32994085322506133684 0.67005914077493866632 0.00000000099999999994 0.00000000099999999994 0.00000000099999999994 
0.00000000099999999995 0.00000000099999999995 0.00000000099999999995 0.30411024713842943479 0.69588974686157045735 0.00000000099999999995 0.00000000099999999995 0.00000000099999999995 
0.00000000099999999995 0.00000000099999999995 0.00000000099999999995 0.28823928362879897014 0.71176071037120114404 0.00000000099999999995 0.00000000099999999995 0.00000000099999999995 
0.00000000099999999992 0.00000000099999999992 0.00000000099999999992 0.00000000099999999992 0.99999999300000008695 0.00000000099999999992 0.00000000099999999992 0.00000000099999999992 
0.00000000099999999997 0.00000000099999999997 0.00000000099999999997 0.21176294259080857829 0.78823705140919142487 0.00000000099999999997 0.00000000099999999997 0.00000000099999999997 
0.00000000099999999998 0.00000000099999999998 0.01067975992939340646 0.17785420068615806488 0.81145066584612446370 0.00000000099999999998 0.00000000099999999998 0.00001536953832409509 
0.00000000099999999994 0.00000000099999999994 0.00000000099999999994 0.00000000099999999994 0.99999999299999997593 0.00000000099999999994 0.00000000099999999994 0.00000000099999999994 
0.00000000099999999995 0.00000000099999999995 0.00000000099999999995 0.33411033360085673483 0.66588966039914321282 0.00000000099999999995 0.00000000099999999995 0.00000000099999999995 
0.00000000099999999995 0.00000000099999999995 0.00000000099999999995 0.00000000099999999995 0.99999999299999997593 0.00000000099999999995 0.00000000099999999995 0.00000000099999999995 
0.00000000099999999995 0.00000000099999999995 0.00000000099999999995 0.29454533988175563008 0.70545465411824437307 0.00000000099999999995 0.00000000099999999995 0.00000000099999999995 
0.00000000099999999996 0.00000000099999999996 0.00000000099999999996 0.24989534657210188406 0.75010464742789817461 0.00000000099999999996 0.00000000099999999996 0.00000000099999999996 
0.00000000099999999994 0.00000000099999999994 0.00000000099999999994 0.31962549632592723858 0.68037449767407276457 0.00000000099999999994 0.00000000099999999994 0.00000000099999999994 
0.00000000099999999997 0.00000000099999999997 0.00000000099999999997 0.23141910039906876673 0.76270119931321367357 0.00000000099999999997 0.00587969528771745565 0.00000000099999999997 
0.00000000099999999996 0.00000000099999999996 0.00000000099999999996 0.00000000099999999996 0.99999999300000008695 0.00000000099999999996 0.00000000099999999996 0.00000000099999999996 
0.00000000099999999991 0.00000000099999999991 0.00000000099999999991 0.00000000099999999991 0.99999999300000008695 0.00000000099999999991 0.00000000099999999991 0.00000000099999999991 
0.00000000099999999993 0.00000000099999999993 0.00000000099999999993 0.00000000099999999993 0.99999999299999997593 0.00000000099999999993 0.00000000099999999993 0.00000000099999999993 
0.00000021338254551553 0.00000000099999999998 0.00000000099999999998 0.23224628807762895399 0.75637922731879247973 0.00000000099999999998 0.01137426722103297358 0.00000000099999999998 
0.00000000099999999997 0.00000000099999999997 0.00000000099999999997 0.31063166787577750627 0.68840292935048230660 0.00000000099999999997 0.00096539777374018846 0.00000000099999999997 
0.00000000099999999998 0.00000000099999999998 0.00000000099999999998 0.00000000099999999998 0.98785686604307565428 0.00000000099999999998 0.00000000099999999998 0.01214312795692443908 
0.00000000099999999994 0.00000000099999999994 0.00000000099999999994 0.29942043888623443015 0.70057955511376557300 0.00000000099999999994 0.00000000099999999994 0.00000000099999999994 
0.00000000099999999981 0.00000000099999999981 0.99999999300000008695 0.00000000099999999981 0.00000000099999999981 0.00000000099999999981 0.00000000099999999981 0.00000000099999999981 
0.00000000099999999974 0.00000000099999999974 0.99999999300000008695 0.00000000099999999974 0.00000000099999999974 0.00000000099999999974 0.00000000099999999974 0.00000000099999999974 
0.00000000099999999976 0.00000000099999999976 0.99999999300000008695 0.00000000099999999976 0.00000000099999999976 0.00000000099999999976 0.00000000099999999976 0.00000000099999999976 
0.00000000099999999979 0.00000000099999999979 0.99999999299999997593 0.00000000099999999979 0.00000000099999999979 0.00000000099999999979 0.00000000099999999979 0.00000000099999999979 
0.00000000099999999981 0.00000000099999999981 0.99999999300000008695 0.00000000099999999981 0.00000000099999999981 0.00000000099999999981 0.00000000099999999981 0.00000000099999999981 
0.00000000099999999973 0.00000000099999999973 0.99999999299999997593 0.00000000099999999973 0.00000000099999999973 0.00000000099999999973 0.00000000099999999973 0.00000000099999999973 
0.00000000099999999982 0.00000000099999999982 0.99999999300000008695 0.00000000099999999982 0.00000000099999999982 0.00000000099999999982 0.00000000099999999982 0.00000000099999999982 
0.00000000099999999977 0.00000000099999999977 0.99999999300000008695 0.00000000099999999977 0.00000000099999999977 0.00000000099999999977 0.00000000099999999977 0.00000000099999999977 
0.99999999300000008695 0.00000000099999999991 0.00000000099999999991 0.00000000099999999991 0.00000000099999999991 0.00000000099999999991 0.00000000099999999991 0.00000000099999999991 
0.99999999300000008695 0.00000000099999999993 0.00000000099999999993 0.00000000099999999993 0.00000000099999999993 0.00000000099999999993 0.00000000099999999993 0.00000000099999999993 
0.99999999300000008695 0.00000000099999999993 0.00000000099999999993 0.00000000099999999993 0.00000000099999999993 0.00000000099999999993 0.00000000099999999993 0.00000000099999999993 
0.99999999300000008695 0.00000000099999999992 0.00000000099999999992 0.00000000099999999992 0.00000000099999999992 0.00000000099999999992 0.00000000099999999992 0.00000000099999999992 
0.99999999300000019797 0.00000000099999999988 0.00000000099999999988 0.00000000099999999988 0.00000000099999999988 0.00000000099999999988 0.00000000099999999988 0.00000000099999999988 
0.80707774794336217816 0.00000000099999999999 0.07589324573460726198 0.06483981235534021226 0.01075033318923828383 0.00000000099999999999 0.04139455335261615909 0.00004430542483596351 
0.99204189585555591080 0.00000000099999999994 0.00000000099999999994 0.00795809814444430053 0.00000000099999999994 0.00000000099999999994 0.00000000099999999994 0.00000000099999999994 
0.99999999300000008695 0.00000000099999999992 0.00000000099999999992 0.00000000099999999992 0.00000000099999999992 0.00000000099999999992 0.00000000099999999992 0.00000000099999999992 
0.96251189848661344861 0.00000000099999999994 0.00000000099999999994 0.03748809551338665169 0.00000000099999999994 0.00000000099999999994 0.00000000099999999994 0.00000000099999999994 
0.99999999300000008695 0.00000000099999999989 0.00000000099999999989 0.00000000099999999989 0.00000000099999999989 0.00000000099999999989 0.00000000099999999989 0.00000000099999999989 
0.66147209835066300698 0.06824430506096090809 0.00000000099999999995 0.00000000099999999995 0.23163522501614641769 0.00000000099999999995 0.03864836757222965546 0.00000000099999999995 
0.87251468367337359222 0.00000000099999999993 0.00000000099999999993 0.00000000099999999993 0.00000001396390831659 0.00000000099999999993 0.12748529736271810298 0.00000000099999999993 
