1.053420	0.159005	0.127042	0.119246	0.127927	0.135818	0.128616	0.087900	0.126335	0.132360	0.131023	0.114757	0.124619	0.120277	0.131941	0.125366	0.129840	0.123316	0.131317	0.127420	0.129633	0.126284	0.129678	0.131607	0.128518	0.121320	0.131065	-0.045977	-0.045840	-0.041817	-0.046414	-0.055784	-0.043595	-0.045645	-0.044971	-0.050235	-0.049743	-0.038012	-0.047910	-0.044750	-0.047489	-0.047701	-0.041306	-0.052045	-0.046167	-0.043605	-0.044430	-0.054344	-0.042364	-0.050456	-0.040329	-0.050159	-0.038339	-0.044845	-0.044362	-0.038559	-0.048189	-0.048401	-0.050682	-0.045962	-0.047671	-0.043133	-0.046128	-0.041583	-0.049865	-0.054500	-0.046786	-0.044662	-0.047486	-0.046898	-0.048330	-0.045609	-0.042807	-0.039897	-0.039349	-0.043107	-0.036927	-0.040549	-0.042986	-0.042410	-0.030484	-0.040217	-0.040355	-0.039990	-0.036818	-0.046131	-0.046991	-0.038589	-0.042917	-0.043580	-0.046081	-0.042362	-0.037588	-0.030289	-0.050051	-0.046535	-0.042413	-0.042780	-0.037423	-0.036484	-0.046222	-0.045352	-0.042541	-0.044178	-0.044537	-0.042904	-0.041266	-0.041461	-0.038308	-0.045155	-0.033562	-0.046166	-0.043385	-0.034269	-0.036924	-0.039491	-0.033866	-0.037614	-0.038310	-0.036556	-0.036514	-0.035122	-0.032710	-0.029840	-0.026059	-0.026180	-0.030656	-0.023763	-0.028646	-0.028423	-0.029385	-0.030728	
0.159005	1.067586	0.133212	0.120188	0.149590	0.142961	0.136770	0.091222	0.130952	0.130875	0.133904	0.117179	0.134832	0.131547	0.137989	0.143485	0.140439	0.133069	0.136561	0.139427	0.136125	0.140708	0.135643	0.135096	0.138469	0.135298	0.131959	-0.044835	-0.046372	-0.050730	-0.049390	-0.055285	-0.051821	-0.042915	-0.053835	-0.045438	-0.042521	-0.041353	-0.044185	-0.047124	-0.049231	-0.049934	-0.054513	-0.049323	-0.044968	-0.047935	-0.045035	-0.049048	-0.048269	-0.055197	-0.048353	-0.044575	-0.048871	-0.048212	-0.053224	-0.046849	-0.049875	-0.050756	-0.049093	-0.047952	-0.048823	-0.045009	-0.046725	-0.048488	-0.051747	-0.046569	-0.049258	-0.048909	-0.045631	-0.041260	-0.043737	-0.051329	-0.045630	-0.045183	-0.043024	-0.036988	-0.042157	-0.043312	-0.037125	-0.036681	-0.039861	-0.039193	-0.042325	-0.047161	-0.047105	-0.041386	-0.043474	-0.035047	-0.046724	-0.049795	-0.045026	-0.039611	-0.049409	-0.038938	-0.050277	-0.047435	-0.045465	-0.042306	-0.044230	-0.045854	-0.050673	-0.048894	-0.045039	-0.047625	-0.050007	-0.048828	-0.038826	-0.049423	-0.037533	-0.043237	-0.038592	-0.052338	-0.039365	-0.041676	-0.033095	-0.045673	-0.039024	-0.037286	-0.041085	-0.036122	-0.034720	-0.022679	-0.037278	-0.043923	-0.024694	-0.028375	-0.034473	-0.025160	-0.028903	-0.029426	-0.038931	-0.021911	
0.127042	0.133212	1.042653	0.121850	0.130784	0.138454	0.128065	0.088291	0.121136	0.130162	0.133652	0.114365	0.133954	0.128332	0.130628	0.133754	0.131131	0.140365	0.134261	0.126858	0.127971	0.123800	0.133566	0.136868	0.130923	0.131501	0.127807	-0.043871	-0.044464	-0.049329	-0.046743	-0.052237	-0.046807	-0.036075	-0.049086	-0.050475	-0.045255	-0.042698	-0.045384	-0.046605	-0.041923	-0.046572	-0.049901	-0.037690	-0.048292	-0.047626	-0.042850	-0.046337	-0.037186	-0.053555	-0.044024	-0.039724	-0.043768	-0.041136	-0.039699	-0.049151	-0.048813	-0.042626	-0.044326	-0.044607	-0.049556	-0.045673	-0.041036	-0.050104	-0.044787	-0.043027	-0.052308	-0.036736	-0.038081	-0.042440	-0.049350	-0.048384	-0.037892	-0.041573	-0.035498	-0.041403	-0.039534	-0.044867	-0.045191	-0.041618	-0.039903	-0.041042	-0.043267	-0.041576	-0.047391	-0.045289	-0.041822	-0.038818	-0.044923	-0.040017	-0.037707	-0.043829	-0.047314	-0.037681	-0.046136	-0.045909	-0.042156	-0.044981	-0.041724	-0.045221	-0.039043	-0.045859	-0.041895	-0.044602	-0.043713	-0.050416	-0.044998	-0.035631	-0.042314	-0.038490	-0.037003	-0.045885	-0.039967	-0.033451	-0.039048	-0.038381	-0.035983	-0.036389	-0.039827	-0.031151	-0.029162	-0.028916	-0.033806	-0.040372	-0.031106	-0.027006	-0.040932	-0.028237	-0.029979	-0.037512	-0.045479	-0.031997	
0.119246	0.120188	0.121850	1.035502	0.124720	0.130944	0.125846	0.084036	0.118430	0.118737	0.118207	0.103100	0.131954	0.116804	0.119213	0.134093	0.130913	0.114606	0.120572	0.123384	0.115129	0.122446	0.119041	0.121772	0.114479	0.113771	0.112422	-0.042171	-0.038420	-0.037839	-0.043895	-0.037554	-0.048382	-0.034238	-0.046864	-0.040846	-0.043649	-0.041918	-0.036715	-0.038862	-0.045636	-0.041703	-0.050373	-0.041589	-0.042524	-0.039627	-0.051174	-0.039760	-0.047456	-0.038595	-0.049390	-0.043312	-0.036995	-0.027694	-0.040862	-0.049025	-0.046098	-0.047232	-0.052921	-0.044134	-0.040501	-0.042083	-0.042994	-0.040965	-0.045993	-0.063795	-0.043620	-0.039194	-0.040821	-0.044181	-0.046356	-0.050051	-0.038960	-0.044452	-0.039451	-0.035563	-0.043324	-0.035633	-0.039871	-0.046255	-0.044523	-0.036902	-0.031667	-0.037956	-0.044185	-0.036807	-0.039701	-0.045055	-0.041109	-0.042233	-0.040265	-0.047023	-0.034667	-0.037506	-0.040552	-0.045790	-0.044097	-0.048221	-0.040840	-0.042423	-0.034025	-0.033958	-0.040024	-0.039075	-0.035742	-0.042014	-0.033695	-0.035839	-0.042906	-0.032236	-0.039209	-0.043147	-0.038802	-0.038197	-0.028229	-0.038973	-0.027797	-0.040597	-0.035881	-0.037458	-0.035500	-0.025856	-0.031624	-0.035748	-0.029089	-0.025141	-0.032684	-0.031157	-0.027115	-0.041485	-0.024913	-0.013189	
0.127927	0.149590	0.130784	0.124720	1.030146	0.139685	0.125020	0.083919	0.131478	0.134017	0.125743	0.114660	0.134870	0.131647	0.136860	0.139693	0.134156	0.139271	0.132511	0.127962	0.127130	0.131644	0.124942	0.131509	0.137207	0.128994	0.128351	-0.053207	-0.053148	-0.040176	-0.045847	-0.050827	-0.051034	-0.043208	-0.048282	-0.047993	-0.044599	-0.045332	-0.044339	-0.048532	-0.044964	-0.050032	-0.043667	-0.046099	-0.049644	-0.044906	-0.050325	-0.047548	-0.046311	-0.048347	-0.042793	-0.039636	-0.045216	-0.042779	-0.048267	-0.051029	-0.046936	-0.048718	-0.053256	-0.047609	-0.052770	-0.049160	-0.046902	-0.048037	-0.047169	-0.050894	-0.047688	-0.046147	-0.046851	-0.046454	-0.053733	-0.049830	-0.037023	-0.038201	-0.037944	-0.035726	-0.040411	-0.042421	-0.042485	-0.046341	-0.040564	-0.040086	-0.031745	-0.034331	-0.046453	-0.039890	-0.043276	-0.036582	-0.050451	-0.040071	-0.039905	-0.043331	-0.047915	-0.040753	-0.048900	-0.039732	-0.045180	-0.040659	-0.046808	-0.040460	-0.030481	-0.041423	-0.041039	-0.043319	-0.038897	-0.037116	-0.037696	-0.044091	-0.040554	-0.036679	-0.030674	-0.047462	-0.037437	-0.040867	-0.033293	-0.045416	-0.036541	-0.038228	-0.039728	-0.032762	-0.034276	-0.028753	-0.027365	-0.028578	-0.040646	-0.034773	-0.034029	-0.028020	-0.026889	-0.028973	-0.032859	-0.028540	
0.135818	0.142961	0.138454	0.130944	0.139685	1.065439	0.142566	0.081814	0.145852	0.140174	0.145687	0.124145	0.142844	0.128367	0.137187	0.134666	0.139026	0.132543	0.144435	0.134260	0.137686	0.142603	0.131041	0.144736	0.140496	0.135594	0.140372	-0.048962	-0.047884	-0.047420	-0.048588	-0.050849	-0.048342	-0.038704	-0.043625	-0.047346	-0.039470	-0.048466	-0.038254	-0.046074	-0.045136	-0.049325	-0.051352	-0.046072	-0.048032	-0.050861	-0.049681	-0.051289	-0.046296	-0.041964	-0.043524	-0.046510	-0.047722	-0.040281	-0.045297	-0.049087	-0.044861	-0.050355	-0.045780	-0.048522	-0.046890	-0.043804	-0.047960	-0.048353	-0.056994	-0.049807	-0.050885	-0.039038	-0.049964	-0.041532	-0.047861	-0.051013	-0.045660	-0.052548	-0.040434	-0.049967	-0.038352	-0.051799	-0.041789	-0.047956	-0.045865	-0.043665	-0.044321	-0.047568	-0.043967	-0.048463	-0.052015	-0.049303	-0.042891	-0.047049	-0.048733	-0.043075	-0.044344	-0.044134	-0.048171	-0.046759	-0.045308	-0.047104	-0.044963	-0.046418	-0.037455	-0.039739	-0.047426	-0.046605	-0.044955	-0.049999	-0.051415	-0.043169	-0.045388	-0.048832	-0.042409	-0.049544	-0.044790	-0.042199	-0.032400	-0.047084	-0.037491	-0.042764	-0.040167	-0.034766	-0.038717	-0.028647	-0.025545	-0.035038	-0.032183	-0.025480	-0.037390	-0.027275	-0.035671	-0.034317	-0.035900	-0.021274	
0.128616	0.136770	0.128065	0.125846	0.125020	0.142566	1.084365	0.104073	0.176843	0.139277	0.142225	0.113566	0.129455	0.118835	0.121472	0.121945	0.133960	0.133314	0.127596	0.123190	0.118812	0.128694	0.118624	0.134268	0.125755	0.129533	0.115897	-0.049327	-0.039849	-0.045761	-0.040860	-0.049257	-0.050304	-0.045701	-0.042985	-0.047288	-0.044711	-0.044631	-0.034051	-0.045255	-0.049376	-0.045154	-0.044024	-0.038235	-0.042912	-0.044621	-0.041208	-0.041389	-0.044563	-0.043320	-0.049467	-0.047738	-0.042592	-0.052668	-0.046995	-0.051592	-0.040447	-0.049458	-0.040206	-0.047925	-0.045418	-0.051002	-0.049143	-0.046869	-0.051267	-0.046093	-0.055040	-0.047315	-0.046073	-0.044531	-0.048046	-0.050122	-0.039585	-0.040180	-0.045572	-0.044548	-0.041445	-0.048229	-0.044039	-0.041277	-0.043769	-0.038161	-0.043710	-0.045672	-0.047024	-0.045270	-0.037515	-0.043612	-0.048720	-0.041925	-0.045564	-0.038291	-0.045268	-0.042890	-0.040868	-0.046309	-0.034186	-0.045999	-0.044601	-0.043828	-0.034623	-0.043785	-0.044347	-0.044478	-0.038407	-0.038842	-0.043331	-0.042670	-0.042413	-0.044276	-0.041453	-0.050802	-0.040219	-0.038350	-0.038265	-0.036951	-0.040616	-0.040586	-0.042889	-0.038073	-0.035009	-0.031274	-0.031290	-0.034730	-0.028071	-0.036784	-0.025090	-0.024326	-0.035748	-0.030229	-0.031647	-0.028516	
0.087900	0.091222	0.088291	0.084036	0.083919	0.081814	0.104073	1.078620	0.089681	0.096187	0.082058	0.080389	0.120049	0.067196	0.082761	0.092034	0.075982	0.090564	0.066217	0.079978	0.084368	0.096635	0.080101	0.077469	0.080531	0.079327	0.065317	-0.039943	-0.023891	-0.026603	-0.026106	-0.023990	-0.023607	-0.016467	-0.029094	-0.039046	-0.027992	-0.020069	-0.034605	-0.034321	-0.028294	-0.028539	-0.021638	-0.036625	-0.030494	-0.033113	-0.036363	-0.032187	-0.016466	-0.026923	-0.026223	-0.030895	-0.032968	-0.016353	-0.027031	-0.024984	-0.034356	-0.042560	-0.039763	-0.026336	-0.023049	-0.028564	-0.032350	-0.037056	-0.029810	-0.005839	-0.013622	-0.038000	-0.034398	-0.026117	-0.034943	-0.030589	-0.041065	-0.040826	-0.035311	-0.029601	-0.041085	-0.040234	-0.033431	-0.036603	-0.036765	-0.043569	-0.047003	-0.035610	-0.029498	-0.030230	-0.030843	-0.034352	-0.041681	-0.043145	-0.035596	-0.030658	-0.029172	-0.036205	-0.036455	-0.039338	-0.029261	-0.032360	-0.031633	-0.045589	-0.037205	-0.037148	-0.039435	-0.031237	-0.033103	-0.035876	-0.027932	-0.032768	-0.035358	-0.045091	-0.039178	-0.043701	-0.035232	-0.033661	-0.033022	-0.021398	-0.029990	-0.033354	-0.029265	-0.028415	-0.036100	-0.034496	-0.034690	-0.032903	-0.026662	-0.031447	-0.027701	-0.030477	-0.027311	-0.037544	-0.011154	-0.013070	
0.126335	0.130952	0.121136	0.118430	0.131478	0.145852	0.176843	0.089681	1.052159	0.159752	0.135399	0.113496	0.137026	0.135569	0.130754	0.132194	0.131592	0.133809	0.131574	0.131283	0.130440	0.128297	0.130987	0.135021	0.138048	0.138781	0.124871	-0.050978	-0.042128	-0.037959	-0.045135	-0.051805	-0.048634	-0.043523	-0.038734	-0.046416	-0.048403	-0.042076	-0.043160	-0.045810	-0.039553	-0.046417	-0.044859	-0.048784	-0.046416	-0.054188	-0.044480	-0.051358	-0.052910	-0.043249	-0.047954	-0.044712	-0.043708	-0.036248	-0.048007	-0.048605	-0.041973	-0.048320	-0.046280	-0.050192	-0.043729	-0.047836	-0.047411	-0.043993	-0.047104	-0.046344	-0.051974	-0.043219	-0.046340	-0.045383	-0.050907	-0.046420	-0.043029	-0.039741	-0.037190	-0.036932	-0.044171	-0.047830	-0.043166	-0.045751	-0.048075	-0.040218	-0.042753	-0.038629	-0.045674	-0.040897	-0.040616	-0.041602	-0.051535	-0.044766	-0.036977	-0.050048	-0.047341	-0.043981	-0.048585	-0.044797	-0.042998	-0.043189	-0.052154	-0.046709	-0.044560	-0.041222	-0.045204	-0.041831	-0.050609	-0.051937	-0.040241	-0.038062	-0.043012	-0.052220	-0.042874	-0.045888	-0.040977	-0.040781	-0.041951	-0.042030	-0.040179	-0.038549	-0.038511	-0.037811	-0.034819	-0.034624	-0.029774	-0.028657	-0.027825	-0.031237	-0.032383	-0.033394	-0.031976	-0.025584	-0.039971	-0.028034	
0.132360	0.130875	0.130162	0.118737	0.134017	0.140174	0.139277	0.096187	0.159752	1.068815	0.139920	0.122050	0.136421	0.137634	0.115922	0.124531	0.133687	0.135202	0.119962	0.123302	0.123651	0.119154	0.120155	0.130066	0.117180	0.122266	0.129502	-0.039554	-0.051409	-0.045560	-0.035548	-0.045806	-0.048597	-0.044404	-0.043294	-0.041336	-0.041876	-0.042607	-0.043222	-0.050143	-0.042969	-0.039727	-0.046742	-0.040601	-0.043428	-0.041998	-0.042596	-0.045063	-0.049474	-0.048746	-0.051999	-0.049936	-0.045690	-0.043242	-0.049133	-0.050305	-0.046132	-0.044734	-0.046725	-0.044422	-0.043281	-0.040632	-0.047502	-0.037647	-0.050460	-0.043634	-0.045214	-0.046495	-0.042696	-0.042453	-0.044790	-0.046833	-0.048190	-0.033361	-0.043840	-0.043317	-0.044952	-0.043967	-0.050109	-0.048016	-0.039583	-0.045923	-0.037243	-0.043724	-0.040604	-0.047130	-0.041079	-0.054248	-0.042399	-0.043475	-0.038874	-0.051016	-0.045356	-0.037801	-0.047032	-0.048729	-0.042829	-0.047225	-0.035438	-0.043814	-0.044799	-0.039429	-0.041501	-0.041907	-0.042913	-0.044916	-0.047516	-0.040193	-0.035555	-0.047966	-0.028601	-0.043707	-0.044033	-0.037605	-0.031562	-0.041130	-0.036585	-0.041859	-0.036729	-0.042651	-0.037595	-0.028556	-0.034365	-0.035095	-0.034268	-0.027382	-0.038733	-0.033195	-0.043781	-0.028537	-0.026210	-0.019921	
0.131023	0.133904	0.133652	0.118207	0.125743	0.145687	0.142225	0.082058	0.135399	0.139920	1.045738	0.118137	0.123792	0.131924	0.128512	0.133699	0.140936	0.143261	0.145721	0.125114	0.129599	0.136598	0.126915	0.141472	0.136408	0.142761	0.132333	-0.050290	-0.046303	-0.044504	-0.045731	-0.049992	-0.050008	-0.047809	-0.049615	-0.047165	-0.045855	-0.044908	-0.041152	-0.045558	-0.044153	-0.047967	-0.040697	-0.038015	-0.044175	-0.046518	-0.047269	-0.045142	-0.045804	-0.048613	-0.041761	-0.044618	-0.044119	-0.047270	-0.044805	-0.053333	-0.045510	-0.049853	-0.045702	-0.048895	-0.048736	-0.043782	-0.040128	-0.047220	-0.049977	-0.051291	-0.051450	-0.045303	-0.043146	-0.047809	-0.048426	-0.046102	-0.043938	-0.042142	-0.042622	-0.040542	-0.034530	-0.046344	-0.044576	-0.044141	-0.043285	-0.037469	-0.036804	-0.039484	-0.051180	-0.042814	-0.038123	-0.045311	-0.051355	-0.041853	-0.034808	-0.047294	-0.048513	-0.040366	-0.046923	-0.040442	-0.043494	-0.043153	-0.045720	-0.052495	-0.041722	-0.040614	-0.045443	-0.045172	-0.047126	-0.043381	-0.044100	-0.039876	-0.041475	-0.040661	-0.039461	-0.044857	-0.044979	-0.043235	-0.042997	-0.045093	-0.038684	-0.034600	-0.041048	-0.038360	-0.028862	-0.035195	-0.032088	-0.036538	-0.032153	-0.029566	-0.030448	-0.036407	-0.035163	-0.030809	-0.016196	-0.031566	
0.114757	0.117179	0.114365	0.103100	0.114660	0.124145	0.113566	0.080389	0.113496	0.122050	0.118137	1.080563	0.118039	0.111082	0.106135	0.111175	0.124621	0.111916	0.109004	0.107096	0.108781	0.110856	0.110691	0.119070	0.115477	0.113805	0.105616	-0.046254	-0.042608	-0.041252	-0.043971	-0.060205	-0.049294	-0.031355	-0.043180	-0.049010	-0.035179	-0.042376	-0.042748	-0.042430	-0.039624	-0.038583	-0.036635	-0.032339	-0.039297	-0.042043	-0.049958	-0.035114	-0.039053	-0.041646	-0.039758	-0.052479	-0.042572	-0.035801	-0.045088	-0.037034	-0.037188	-0.042292	-0.043210	-0.037091	-0.042486	-0.033676	-0.035528	-0.034155	-0.039841	-0.038652	-0.035941	-0.040859	-0.041084	-0.047408	-0.040430	-0.043216	-0.043877	-0.042435	-0.042996	-0.047813	-0.035294	-0.045147	-0.046098	-0.033147	-0.046471	-0.036389	-0.035244	-0.035544	-0.047762	-0.042085	-0.043989	-0.039490	-0.039517	-0.046238	-0.038128	-0.044919	-0.045037	-0.039879	-0.043234	-0.039119	-0.036471	-0.044097	-0.040502	-0.044931	-0.041043	-0.039874	-0.043508	-0.038327	-0.036996	-0.034936	-0.036819	-0.032462	-0.034312	-0.043692	-0.043620	-0.039881	-0.041831	-0.037098	-0.035536	-0.042692	-0.043470	-0.033229	-0.028700	-0.033173	-0.029304	-0.019723	-0.027298	-0.036199	-0.025742	-0.014010	-0.017759	-0.024572	-0.025315	-0.034125	-0.017726	-0.018995	
0.124619	0.134832	0.133954	0.131954	0.134870	0.142844	0.129455	0.120049	0.137026	0.136421	0.123792	0.118039	1.053203	0.130070	0.134885	0.138776	0.139705	0.141860	0.136690	0.133093	0.142903	0.131010	0.131323	0.139433	0.137538	0.123982	0.132248	-0.049019	-0.053489	-0.046218	-0.042326	-0.050885	-0.056112	-0.041922	-0.048485	-0.051957	-0.042373	-0.043711	-0.040075	-0.049201	-0.041634	-0.046959	-0.044130	-0.049875	-0.044440	-0.043519	-0.047720	-0.049479	-0.042567	-0.046110	-0.045625	-0.044531	-0.044772	-0.031741	-0.050387	-0.043743	-0.043371	-0.049854	-0.046495	-0.047140	-0.046753	-0.042346	-0.038973	-0.045091	-0.049203	-0.041922	-0.045493	-0.045527	-0.040765	-0.044251	-0.044316	-0.046545	-0.043613	-0.045904	-0.039601	-0.043671	-0.044787	-0.045398	-0.042486	-0.041886	-0.040066	-0.041171	-0.038138	-0.045537	-0.048359	-0.049263	-0.049198	-0.048903	-0.049388	-0.043408	-0.036259	-0.046841	-0.047921	-0.042133	-0.044949	-0.041847	-0.039398	-0.048196	-0.045877	-0.046947	-0.037454	-0.045118	-0.045447	-0.051938	-0.047013	-0.047729	-0.044566	-0.040748	-0.040760	-0.040444	-0.032206	-0.043512	-0.043866	-0.045770	-0.044396	-0.037260	-0.044888	-0.042479	-0.040807	-0.033682	-0.036791	-0.028492	-0.036905	-0.036791	-0.033372	-0.027527	-0.035884	-0.027260	-0.034988	-0.031317	-0.034451	-0.025820	
0.120277	0.131547	0.128332	0.116804	0.131647	0.128367	0.118835	0.067196	0.135569	0.137634	0.131924	0.111082	0.130070	1.045590	0.133905	0.136537	0.137566	0.134692	0.149855	0.140107	0.134127	0.136533	0.145322	0.136125	0.139841	0.132477	0.132593	-0.048596	-0.047292	-0.042816	-0.049262	-0.055405	-0.050349	-0.041008	-0.047391	-0.047696	-0.039979	-0.045171	-0.042010	-0.044989	-0.049110	-0.050357	-0.047154	-0.048115	-0.048440	-0.041012	-0.044406	-0.047690	-0.045920	-0.051507	-0.046438	-0.045501	-0.042407	-0.043812	-0.048933	-0.048298	-0.043504	-0.047207	-0.045426	-0.050938	-0.047629	-0.050083	-0.039181	-0.040215	-0.048572	-0.055429	-0.046323	-0.044908	-0.043157	-0.047313	-0.048986	-0.039034	-0.039609	-0.039666	-0.042009	-0.034724	-0.040532	-0.043991	-0.042934	-0.047577	-0.041244	-0.038237	-0.037648	-0.046526	-0.034309	-0.044845	-0.042289	-0.041295	-0.046080	-0.036548	-0.038167	-0.045165	-0.046458	-0.039298	-0.043642	-0.038621	-0.044596	-0.038171	-0.048248	-0.045227	-0.044853	-0.038765	-0.035854	-0.041534	-0.039681	-0.047572	-0.038412	-0.049147	-0.042867	-0.040606	-0.031831	-0.045563	-0.037058	-0.043716	-0.041458	-0.047450	-0.032384	-0.040920	-0.039697	-0.041753	-0.033302	-0.030273	-0.028477	-0.039071	-0.036754	-0.030317	-0.027352	-0.036427	-0.032480	-0.039819	-0.037418	-0.033734	
0.131941	0.137989	0.130628	0.119213	0.136860	0.137187	0.121472	0.082761	0.130754	0.115922	0.128512	0.106135	0.134885	0.133905	1.056549	0.146696	0.138415	0.131531	0.141762	0.146844	0.131658	0.155032	0.142571	0.141405	0.140675	0.138786	0.132395	-0.050222	-0.043170	-0.048239	-0.046819	-0.043806	-0.051710	-0.041604	-0.041150	-0.049919	-0.044348	-0.043781	-0.043154	-0.045307	-0.048335	-0.049967	-0.053447	-0.044796	-0.048848	-0.044722	-0.044750	-0.053612	-0.048590	-0.044301	-0.038113	-0.045487	-0.044532	-0.046563	-0.052755	-0.049377	-0.042043	-0.048718	-0.041741	-0.045297	-0.046205	-0.046719	-0.041077	-0.053569	-0.044885	-0.049352	-0.051144	-0.047669	-0.043498	-0.042895	-0.048307	-0.046526	-0.037885	-0.035106	-0.037145	-0.042743	-0.034246	-0.047572	-0.038585	-0.046506	-0.043664	-0.040121	-0.040031	-0.038242	-0.040652	-0.045044	-0.043531	-0.043150	-0.047109	-0.048707	-0.040743	-0.044925	-0.044333	-0.042871	-0.048588	-0.048228	-0.042784	-0.044788	-0.047747	-0.042570	-0.042040	-0.046062	-0.043332	-0.048973	-0.046149	-0.051342	-0.042329	-0.050043	-0.038321	-0.042734	-0.048201	-0.044832	-0.039888	-0.043021	-0.039449	-0.043853	-0.040984	-0.034543	-0.036470	-0.036884	-0.033074	-0.037506	-0.033032	-0.043534	-0.036237	-0.030889	-0.026642	-0.028458	-0.031432	-0.033717	-0.035589	-0.025808	
0.125366	0.143485	0.133754	0.134093	0.139693	0.134666	0.121945	0.092034	0.132194	0.124531	0.133699	0.111175	0.138776	0.136537	0.146696	1.060239	0.152785	0.145222	0.128619	0.136408	0.144045	0.142293	0.141147	0.139942	0.139565	0.137954	0.138111	-0.051139	-0.043999	-0.045977	-0.046668	-0.048643	-0.056822	-0.042236	-0.048040	-0.042770	-0.042787	-0.043233	-0.044309	-0.043209	-0.048394	-0.047431	-0.051392	-0.039118	-0.042423	-0.040714	-0.049243	-0.048991	-0.047303	-0.044996	-0.047985	-0.046527	-0.043500	-0.045082	-0.040899	-0.039670	-0.046198	-0.049631	-0.047686	-0.036901	-0.048171	-0.046790	-0.042422	-0.044728	-0.046231	-0.046942	-0.044080	-0.046156	-0.040653	-0.042217	-0.047217	-0.048149	-0.042463	-0.038990	-0.032625	-0.039610	-0.046824	-0.054803	-0.044253	-0.040408	-0.045538	-0.044022	-0.045302	-0.045810	-0.048342	-0.046739	-0.043705	-0.047759	-0.053761	-0.048595	-0.047098	-0.042345	-0.047980	-0.048204	-0.051298	-0.041807	-0.036583	-0.048051	-0.055889	-0.045241	-0.033268	-0.048807	-0.045650	-0.050751	-0.047778	-0.044500	-0.045657	-0.039255	-0.045644	-0.044393	-0.045688	-0.043404	-0.040899	-0.046846	-0.040464	-0.047550	-0.043170	-0.041314	-0.033291	-0.038066	-0.037421	-0.030493	-0.038741	-0.040319	-0.026522	-0.031987	-0.039989	-0.032140	-0.034357	-0.030380	-0.037715	-0.028144	
0.129840	0.140439	0.131131	0.130913	0.134156	0.139026	0.133960	0.075982	0.131592	0.133687	0.140936	0.124621	0.139705	0.137566	0.138415	0.152785	1.046308	0.143073	0.141419	0.133474	0.144731	0.134738	0.137269	0.151515	0.142977	0.145486	0.138263	-0.046662	-0.051724	-0.044435	-0.048126	-0.055443	-0.060474	-0.040991	-0.056752	-0.044457	-0.049959	-0.038431	-0.043405	-0.041700	-0.048290	-0.053384	-0.042534	-0.044780	-0.045981	-0.051489	-0.052054	-0.044507	-0.045180	-0.046940	-0.048801	-0.045531	-0.046915	-0.047503	-0.045811	-0.041823	-0.047446	-0.050943	-0.054724	-0.046037	-0.039228	-0.049780	-0.047175	-0.044792	-0.050140	-0.047123	-0.055001	-0.048278	-0.044756	-0.041166	-0.043672	-0.042641	-0.042915	-0.042560	-0.045517	-0.040673	-0.035893	-0.051109	-0.048187	-0.046935	-0.042505	-0.041339	-0.035601	-0.048691	-0.042995	-0.040452	-0.045105	-0.050216	-0.046168	-0.047792	-0.043620	-0.042958	-0.041856	-0.042794	-0.044996	-0.041933	-0.043987	-0.044716	-0.046926	-0.045500	-0.040593	-0.043721	-0.045462	-0.050458	-0.047594	-0.040928	-0.038354	-0.048970	-0.044120	-0.044027	-0.039803	-0.046597	-0.040591	-0.041463	-0.037865	-0.044778	-0.042265	-0.036523	-0.045324	-0.037097	-0.033347	-0.033119	-0.035558	-0.037374	-0.030976	-0.027214	-0.036435	-0.025549	-0.035821	-0.041032	-0.027044	-0.041773	
0.123316	0.133069	0.140365	0.114606	0.139271	0.132543	0.133314	0.090564	0.133809	0.135202	0.143261	0.111916	0.141860	0.134692	0.131531	0.145222	0.143073	1.045045	0.143399	0.143721	0.147553	0.139281	0.133457	0.141350	0.133796	0.143132	0.144107	-0.051641	-0.044095	-0.053472	-0.046030	-0.051924	-0.053370	-0.046731	-0.053948	-0.054780	-0.042844	-0.046067	-0.049169	-0.049519	-0.051610	-0.041663	-0.051489	-0.047016	-0.044334	-0.050990	-0.045355	-0.048846	-0.044805	-0.041178	-0.045215	-0.047543	-0.044708	-0.058136	-0.049166	-0.050552	-0.053841	-0.050119	-0.045384	-0.046040	-0.044195	-0.046100	-0.038516	-0.043561	-0.053373	-0.057342	-0.057785	-0.046764	-0.042440	-0.046452	-0.055471	-0.043327	-0.040104	-0.046977	-0.035317	-0.039569	-0.037164	-0.036712	-0.037460	-0.046457	-0.045023	-0.040988	-0.040922	-0.044163	-0.038072	-0.045196	-0.046537	-0.046435	-0.053197	-0.049095	-0.037687	-0.043570	-0.047757	-0.041288	-0.039850	-0.044122	-0.043197	-0.051242	-0.041717	-0.045881	-0.036199	-0.038807	-0.047551	-0.046139	-0.037961	-0.049174	-0.045649	-0.041264	-0.039789	-0.042621	-0.032849	-0.046876	-0.041251	-0.037889	-0.038781	-0.042699	-0.039985	-0.033608	-0.048452	-0.034915	-0.037231	-0.031295	-0.032049	-0.034487	-0.034180	-0.025243	-0.033853	-0.032521	-0.038530	-0.026551	-0.032127	-0.030758	
0.131317	0.136561	0.134261	0.120572	0.132511	0.144435	0.127596	0.066217	0.131574	0.119962	0.145721	0.109004	0.136690	0.149855	0.141762	0.128619	0.141419	0.143399	1.071487	0.144997	0.147228	0.146481	0.147452	0.142563	0.138016	0.157341	0.134865	-0.049441	-0.041987	-0.047053	-0.041338	-0.053418	-0.053324	-0.046685	-0.045966	-0.048553	-0.045121	-0.050333	-0.043754	-0.053132	-0.045908	-0.047220	-0.047177	-0.050210	-0.045143	-0.043785	-0.046354	-0.051300	-0.040202	-0.049978	-0.050069	-0.049105	-0.042303	-0.051885	-0.048773	-0.045345	-0.047085	-0.050242	-0.040614	-0.046141	-0.051732	-0.051110	-0.053499	-0.047739	-0.052019	-0.055237	-0.052580	-0.049749	-0.042042	-0.041501	-0.048277	-0.046042	-0.035064	-0.042533	-0.038905	-0.038030	-0.033310	-0.047787	-0.040074	-0.046264	-0.041753	-0.044641	-0.039859	-0.036873	-0.043992	-0.041137	-0.046209	-0.038654	-0.045785	-0.046874	-0.047421	-0.046939	-0.043279	-0.044448	-0.047181	-0.044811	-0.043541	-0.042568	-0.046932	-0.048751	-0.043559	-0.044365	-0.047709	-0.042133	-0.041152	-0.046352	-0.048073	-0.053880	-0.043059	-0.036989	-0.040611	-0.048151	-0.038522	-0.042679	-0.039156	-0.046040	-0.039091	-0.040400	-0.044212	-0.032101	-0.041300	-0.027161	-0.037870	-0.039133	-0.029251	-0.031552	-0.037810	-0.033783	-0.036220	-0.034899	-0.049509	-0.033890	
0.127420	0.139427	0.126858	0.123384	0.127962	0.134260	0.123190	0.079978	0.131283	0.123302	0.125114	0.107096	0.133093	0.140107	0.146844	0.136408	0.133474	0.143721	0.144997	1.052349	0.136762	0.137671	0.134169	0.139180	0.136203	0.135770	0.146515	-0.045675	-0.044469	-0.049201	-0.050738	-0.056214	-0.050431	-0.042060	-0.045717	-0.049685	-0.041002	-0.044957	-0.043664	-0.039972	-0.049468	-0.047715	-0.044506	-0.042040	-0.046929	-0.051339	-0.046155	-0.046417	-0.047776	-0.043386	-0.047180	-0.042007	-0.049833	-0.043436	-0.054084	-0.043120	-0.050291	-0.048119	-0.043478	-0.040836	-0.050846	-0.051283	-0.039025	-0.043131	-0.050372	-0.050751	-0.048864	-0.041209	-0.045014	-0.047335	-0.047738	-0.045589	-0.035916	-0.047159	-0.037623	-0.042164	-0.035011	-0.042319	-0.036802	-0.041316	-0.042379	-0.038814	-0.040644	-0.045898	-0.039790	-0.044225	-0.042307	-0.037093	-0.039263	-0.041346	-0.041586	-0.043601	-0.045530	-0.040275	-0.039826	-0.042851	-0.043723	-0.039877	-0.043622	-0.048433	-0.036263	-0.045443	-0.046039	-0.045441	-0.051469	-0.053935	-0.044793	-0.051049	-0.046720	-0.043382	-0.045645	-0.044552	-0.042996	-0.039949	-0.033984	-0.038992	-0.034836	-0.033341	-0.044429	-0.035144	-0.040813	-0.029567	-0.032485	-0.038798	-0.041415	-0.027677	-0.038387	-0.030231	-0.032154	-0.029384	-0.028829	-0.035770	
0.129633	0.136125	0.127971	0.115129	0.127130	0.137686	0.118812	0.084368	0.130440	0.123651	0.129599	0.108781	0.142903	0.134127	0.131658	0.144045	0.144731	0.147553	0.147228	0.136762	1.040269	0.134520	0.132619	0.142146	0.136978	0.133346	0.139721	-0.047777	-0.042591	-0.049526	-0.054013	-0.047613	-0.047279	-0.047063	-0.045111	-0.047553	-0.045622	-0.047804	-0.040861	-0.049126	-0.053265	-0.044853	-0.051883	-0.044646	-0.046322	-0.042723	-0.044461	-0.049411	-0.038659	-0.048523	-0.047907	-0.046112	-0.043621	-0.047172	-0.048505	-0.051768	-0.053753	-0.045672	-0.045937	-0.042571	-0.044616	-0.048215	-0.041887	-0.048767	-0.045939	-0.046664	-0.048254	-0.045284	-0.044803	-0.047124	-0.042486	-0.046217	-0.041089	-0.040267	-0.041414	-0.045059	-0.043366	-0.037557	-0.035925	-0.043219	-0.046004	-0.036639	-0.039076	-0.038446	-0.044166	-0.041201	-0.043321	-0.038989	-0.045430	-0.040761	-0.043436	-0.037153	-0.040698	-0.047304	-0.044168	-0.041429	-0.047752	-0.039504	-0.044734	-0.046003	-0.049843	-0.044907	-0.039807	-0.046739	-0.050503	-0.052505	-0.036144	-0.051489	-0.046784	-0.044021	-0.044733	-0.044882	-0.033664	-0.032776	-0.031647	-0.040470	-0.043936	-0.036078	-0.039792	-0.038234	-0.037938	-0.028092	-0.035209	-0.035365	-0.028971	-0.036170	-0.029009	-0.031045	-0.027128	-0.033708	-0.041748	-0.020414	
0.126284	0.140708	0.123800	0.122446	0.131644	0.142603	0.128694	0.096635	0.128297	0.119154	0.136598	0.110856	0.131010	0.136533	0.155032	0.142293	0.134738	0.139281	0.146481	0.137671	0.134520	1.068315	0.147300	0.135567	0.139873	0.137056	0.141429	-0.049026	-0.043614	-0.043261	-0.047178	-0.052699	-0.049531	-0.051340	-0.046071	-0.046270	-0.048417	-0.044159	-0.046139	-0.044764	-0.050196	-0.039684	-0.043361	-0.047106	-0.043625	-0.042590	-0.046583	-0.053836	-0.044722	-0.046062	-0.050094	-0.051357	-0.049143	-0.048550	-0.055968	-0.052187	-0.043435	-0.050174	-0.047197	-0.055334	-0.050684	-0.053523	-0.051399	-0.043897	-0.057619	-0.050717	-0.049088	-0.042758	-0.046043	-0.045210	-0.049634	-0.050712	-0.033896	-0.045226	-0.039045	-0.045818	-0.047964	-0.041469	-0.042980	-0.044362	-0.047667	-0.039784	-0.043566	-0.045173	-0.038508	-0.041679	-0.040302	-0.048493	-0.042701	-0.047953	-0.038644	-0.046922	-0.040970	-0.041614	-0.045684	-0.035752	-0.043279	-0.038788	-0.045831	-0.048310	-0.039233	-0.046071	-0.043292	-0.045887	-0.051952	-0.045183	-0.036439	-0.046627	-0.040206	-0.036174	-0.036713	-0.046129	-0.038250	-0.035203	-0.038186	-0.037725	-0.039363	-0.037444	-0.036355	-0.039018	-0.023877	-0.031697	-0.032459	-0.038947	-0.035594	-0.024460	-0.032453	-0.033148	-0.035790	-0.039492	-0.033069	-0.028265	
0.129678	0.135643	0.133566	0.119041	0.124942	0.131041	0.118624	0.080101	0.130987	0.120155	0.126915	0.110691	0.131323	0.145322	0.142571	0.141147	0.137269	0.133457	0.147452	0.134169	0.132619	0.147300	1.056387	0.125741	0.130733	0.131467	0.134204	-0.047104	-0.042839	-0.039765	-0.049331	-0.047308	-0.043695	-0.039667	-0.050781	-0.047909	-0.055138	-0.041242	-0.045251	-0.044898	-0.047768	-0.043360	-0.041809	-0.042072	-0.048024	-0.046080	-0.036959	-0.048214	-0.046802	-0.046927	-0.045407	-0.046516	-0.040756	-0.045183	-0.048354	-0.046142	-0.045450	-0.049737	-0.050884	-0.044695	-0.049104	-0.045159	-0.047535	-0.044109	-0.053090	-0.042193	-0.053001	-0.045123	-0.048522	-0.042332	-0.045561	-0.043835	-0.035492	-0.039998	-0.032037	-0.040449	-0.040108	-0.046682	-0.036704	-0.044684	-0.040000	-0.043484	-0.047995	-0.041320	-0.042090	-0.039731	-0.038673	-0.049086	-0.046920	-0.042580	-0.036980	-0.044865	-0.051084	-0.045392	-0.046480	-0.042017	-0.042789	-0.042942	-0.054465	-0.049266	-0.040350	-0.037998	-0.046842	-0.041929	-0.052996	-0.039357	-0.037129	-0.046153	-0.042869	-0.036459	-0.039307	-0.048796	-0.039698	-0.032866	-0.035319	-0.042546	-0.031536	-0.037209	-0.037024	-0.034375	-0.036593	-0.031445	-0.034995	-0.034070	-0.031038	-0.034913	-0.032543	-0.032938	-0.029351	-0.032569	-0.044804	-0.035453	
0.131607	0.135096	0.136868	0.121772	0.131509	0.144736	0.134268	0.077469	0.135021	0.130066	0.141472	0.119070	0.139433	0.136125	0.141405	0.139942	0.151515	0.141350	0.142563	0.139180	0.142146	0.135567	0.125741	1.048822	0.144284	0.145644	0.146874	-0.046751	-0.046290	-0.046346	-0.044384	-0.045580	-0.059208	-0.035921	-0.046637	-0.049993	-0.051983	-0.046681	-0.047367	-0.041534	-0.052747	-0.048420	-0.046212	-0.049769	-0.047351	-0.046491	-0.047803	-0.036137	-0.049747	-0.048228	-0.045303	-0.054262	-0.045678	-0.048007	-0.051973	-0.046655	-0.049304	-0.048070	-0.046002	-0.045863	-0.044957	-0.046855	-0.044195	-0.046349	-0.057151	-0.047912	-0.046506	-0.047604	-0.047332	-0.039128	-0.037481	-0.043632	-0.045308	-0.044906	-0.037865	-0.042103	-0.042721	-0.052803	-0.041536	-0.044329	-0.046208	-0.041886	-0.042346	-0.043629	-0.043923	-0.037720	-0.040742	-0.046044	-0.048481	-0.049043	-0.044603	-0.041470	-0.046508	-0.037809	-0.049046	-0.048161	-0.042904	-0.046929	-0.044490	-0.046608	-0.041342	-0.047704	-0.042355	-0.044382	-0.040366	-0.052469	-0.046846	-0.044603	-0.041141	-0.042864	-0.041276	-0.042552	-0.044329	-0.038153	-0.046357	-0.042341	-0.039361	-0.038781	-0.036642	-0.036115	-0.027720	-0.036428	-0.037389	-0.040102	-0.035045	-0.033263	-0.032658	-0.023317	-0.033674	-0.039571	-0.036266	-0.033499	
0.128518	0.138469	0.130923	0.114479	0.137207	0.140496	0.125755	0.080531	0.138048	0.117180	0.136408	0.115477	0.137538	0.139841	0.140675	0.139565	0.142977	0.133796	0.138016	0.136203	0.136978	0.139873	0.130733	0.144284	1.039259	0.128046	0.135931	-0.051993	-0.044793	-0.047781	-0.041623	-0.060216	-0.050384	-0.043981	-0.045234	-0.048789	-0.041487	-0.043527	-0.050453	-0.044071	-0.053919	-0.045356	-0.045618	-0.048478	-0.048973	-0.046128	-0.043049	-0.050174	-0.041352	-0.048026	-0.048425	-0.048196	-0.046602	-0.040997	-0.046937	-0.047312	-0.040767	-0.047301	-0.046368	-0.051452	-0.051139	-0.041541	-0.039383	-0.048899	-0.052518	-0.053653	-0.050649	-0.041068	-0.039547	-0.043955	-0.040158	-0.051528	-0.030583	-0.037113	-0.039584	-0.037409	-0.037074	-0.041542	-0.039091	-0.032349	-0.043286	-0.051084	-0.043251	-0.045105	-0.038262	-0.041619	-0.048871	-0.043456	-0.048840	-0.042365	-0.046177	-0.042201	-0.047147	-0.038463	-0.050577	-0.045971	-0.044452	-0.042832	-0.043854	-0.037729	-0.039714	-0.041551	-0.047583	-0.043680	-0.048141	-0.047967	-0.046448	-0.050286	-0.040042	-0.041679	-0.033171	-0.047678	-0.040328	-0.039926	-0.042408	-0.037529	-0.036377	-0.035630	-0.042336	-0.034347	-0.034218	-0.031754	-0.032115	-0.030412	-0.038503	-0.027813	-0.032769	-0.036137	-0.036178	-0.031671	-0.033054	-0.037435	
0.121320	0.135298	0.131501	0.113771	0.128994	0.135594	0.129533	0.079327	0.138781	0.122266	0.142761	0.113805	0.123982	0.132477	0.138786	0.137954	0.145486	0.143132	0.157341	0.135770	0.133346	0.137056	0.131467	0.145644	0.128046	1.042787	0.147437	-0.050164	-0.049213	-0.045825	-0.047672	-0.048053	-0.053792	-0.043253	-0.051108	-0.047277	-0.044813	-0.044348	-0.038685	-0.050427	-0.042988	-0.046081	-0.042505	-0.044729	-0.049175	-0.041027	-0.045256	-0.046977	-0.047318	-0.044040	-0.052900	-0.045111	-0.054098	-0.043882	-0.055152	-0.051550	-0.046234	-0.051835	-0.050953	-0.050713	-0.049463	-0.053453	-0.045164	-0.047922	-0.054522	-0.040378	-0.058747	-0.048578	-0.047899	-0.045394	-0.052497	-0.043357	-0.042187	-0.044231	-0.040586	-0.037060	-0.041742	-0.041759	-0.049310	-0.043138	-0.038005	-0.034236	-0.039701	-0.038406	-0.042606	-0.040693	-0.037762	-0.034145	-0.049301	-0.042966	-0.039862	-0.039448	-0.035615	-0.042086	-0.047202	-0.038555	-0.037089	-0.041968	-0.046274	-0.046855	-0.036621	-0.040665	-0.041648	-0.041880	-0.044485	-0.050179	-0.049476	-0.042374	-0.041653	-0.043041	-0.034702	-0.048366	-0.038894	-0.039066	-0.038284	-0.038940	-0.040541	-0.040700	-0.045761	-0.030321	-0.036391	-0.028066	-0.033960	-0.036181	-0.035161	-0.026542	-0.030844	-0.034395	-0.031078	-0.032338	-0.030673	-0.029718	
0.131065	0.131959	0.127807	0.112422	0.128351	0.140372	0.115897	0.065317	0.124871	0.129502	0.132333	0.105616	0.132248	0.132593	0.132395	0.138111	0.138263	0.144107	0.134865	0.146515	0.139721	0.141429	0.134204	0.146874	0.135931	0.147437	1.062998	-0.041708	-0.050673	-0.046287	-0.046020	-0.050972	-0.057842	-0.046147	-0.048967	-0.048355	-0.042048	-0.040126	-0.046429	-0.038192	-0.044173	-0.049660	-0.044915	-0.047417	-0.046873	-0.040585	-0.037483	-0.044369	-0.046910	-0.052246	-0.040422	-0.048391	-0.045226	-0.050607	-0.050810	-0.044039	-0.045043	-0.050867	-0.041811	-0.050841	-0.042845	-0.047489	-0.044697	-0.046026	-0.047283	-0.053155	-0.047645	-0.038766	-0.046152	-0.049810	-0.047885	-0.040626	-0.037262	-0.048596	-0.041707	-0.036250	-0.038269	-0.042575	-0.040558	-0.045281	-0.046912	-0.042185	-0.042455	-0.040882	-0.039020	-0.042304	-0.043089	-0.044399	-0.051117	-0.042821	-0.041031	-0.038544	-0.046033	-0.032158	-0.046366	-0.054864	-0.048314	-0.042497	-0.043289	-0.043656	-0.044167	-0.041239	-0.051912	-0.041696	-0.045342	-0.046519	-0.044074	-0.049861	-0.040613	-0.041399	-0.039979	-0.051658	-0.041424	-0.041292	-0.038487	-0.036855	-0.037823	-0.040912	-0.037294	-0.038903	-0.027942	-0.027437	-0.036217	-0.035213	-0.028826	-0.031203	-0.029494	-0.032766	-0.034285	-0.037914	-0.027494	-0.034753	
-0.045977	-0.044835	-0.043871	-0.042171	-0.053207	-0.048962	-0.049327	-0.039943	-0.050978	-0.039554	-0.050290	-0.046254	-0.049019	-0.048596	-0.050222	-0.051139	-0.046662	-0.051641	-0.049441	-0.045675	-0.047777	-0.049026	-0.047104	-0.046751	-0.051993	-0.050164	-0.041708	1.006149	0.031599	0.034965	0.035210	0.032588	0.041512	0.040324	0.028461	0.038833	0.026182	0.027263	0.040756	0.030383	0.036193	0.029064	0.034697	0.030467	0.025695	0.031687	0.031050	0.028842	0.030414	0.035173	0.046022	0.032445	0.018697	0.022993	0.027399	0.029866	0.024226	0.019858	0.019962	0.031876	0.032206	0.024406	0.025269	0.025678	0.030764	0.031078	0.027408	0.022650	0.023424	0.026742	0.026611	0.018094	-0.024126	-0.022058	-0.015530	-0.018292	-0.023989	-0.021519	-0.019134	-0.022074	-0.015979	-0.018157	-0.018376	-0.020211	-0.020260	-0.019275	-0.022913	-0.023204	-0.020607	-0.018382	-0.021626	-0.020342	-0.020029	-0.021815	-0.015629	-0.018024	-0.024773	-0.023624	-0.022012	-0.019985	-0.020776	-0.020241	-0.024682	-0.019072	-0.020096	-0.017187	-0.025327	-0.025189	-0.022375	-0.024348	-0.013870	-0.026948	-0.007571	-0.009002	-0.016135	-0.014635	-0.017011	-0.013272	-0.016195	-0.013956	-0.015117	-0.013583	-0.016502	-0.006809	-0.013473	-0.010962	-0.011903	-0.015810	-0.003957	-0.009276	-0.012948	-0.013904	
-0.045840	-0.046372	-0.044464	-0.038420	-0.053148	-0.047884	-0.039849	-0.023891	-0.042128	-0.051409	-0.046303	-0.042608	-0.053489	-0.047292	-0.043170	-0.043999	-0.051724	-0.044095	-0.041987	-0.044469	-0.042591	-0.043614	-0.042839	-0.046290	-0.044793	-0.049213	-0.050673	0.031599	1.002368	0.024122	0.031312	0.025718	0.035131	0.036371	0.035597	0.039763	0.039231	0.032228	0.024442	0.029771	0.026045	0.032012	0.026292	0.026697	0.025837	0.028573	0.030448	0.023308	0.028135	0.023906	0.039593	0.031172	0.023334	0.021258	0.023320	0.021990	0.026843	0.023008	0.022370	0.020603	0.023625	0.026755	0.031784	0.020514	0.027855	0.024430	0.017270	0.010697	0.020530	0.017213	0.018705	0.021309	-0.027369	-0.016491	-0.018253	-0.014273	-0.021277	-0.019461	-0.023408	-0.013255	-0.011806	-0.020466	-0.024286	-0.018070	-0.017176	-0.016813	-0.020728	-0.017044	-0.019496	-0.015931	-0.018711	-0.017471	-0.025429	-0.018897	-0.020746	-0.022663	-0.018838	-0.016517	-0.022157	-0.018460	-0.023042	-0.020443	-0.016893	-0.019065	-0.022635	-0.014370	-0.023602	-0.020234	-0.023534	-0.019069	-0.018022	-0.014969	-0.013434	-0.020318	-0.014773	-0.014566	-0.014870	-0.022461	-0.018053	-0.012798	-0.009009	-0.008879	-0.009036	-0.016564	-0.006868	-0.007146	-0.002847	-0.009633	-0.012566	-0.000892	-0.008955	-0.013768	
-0.041817	-0.050730	-0.049329	-0.037839	-0.040176	-0.047420	-0.045761	-0.026603	-0.037959	-0.045560	-0.044504	-0.041252	-0.046218	-0.042816	-0.048239	-0.045977	-0.044435	-0.053472	-0.047053	-0.049201	-0.049526	-0.043261	-0.039765	-0.046346	-0.047781	-0.045825	-0.046287	0.034965	0.024122	0.993124	0.024990	0.030407	0.028217	0.034189	0.039251	0.034475	0.028610	0.031524	0.032447	0.034115	0.027648	0.023103	0.039529	0.033542	0.035046	0.031080	0.020309	0.033378	0.030830	0.030086	0.032695	0.037862	0.021098	0.025089	0.019725	0.020874	0.009361	0.022950	0.019456	0.017986	0.021966	0.018461	0.022911	0.028539	0.020962	0.028105	0.020558	0.021816	0.023859	0.022182	0.020514	0.019266	-0.014416	-0.016830	-0.016055	-0.023270	-0.021377	-0.021380	-0.019566	-0.024056	-0.020167	-0.017179	-0.024126	-0.017700	-0.019764	-0.019657	-0.022519	-0.025493	-0.022729	-0.018765	-0.016268	-0.010421	-0.015409	-0.019932	-0.015847	-0.019308	-0.019848	-0.012272	-0.020403	-0.012884	-0.014634	-0.017710	-0.018434	-0.020720	-0.019164	-0.016235	-0.020058	-0.021018	-0.018434	-0.019537	-0.019419	-0.016909	-0.014318	-0.018574	-0.016696	-0.019930	-0.020561	-0.014394	-0.015522	-0.017538	-0.009259	-0.006001	-0.008904	-0.014796	-0.008641	-0.010280	-0.011678	-0.014764	-0.008126	-0.009933	-0.012817	0.001240	
